2020-04-22 23:07:31.849 Always, OpenZwave Version 1.4.3469 Starting Up
2020-04-22 23:07:47.053 Info, Setting Up Provided Network Key for Secure Communications
2020-04-22 23:07:47.053 Info, mgr,     Added driver for controller /dev/ttyACM0
2020-04-22 23:07:47.054 Info,   Opening controller /dev/ttyACM0
2020-04-22 23:07:47.054 Info, Trying to open serial port /dev/ttyACM0 (attempt 1)
2020-04-22 23:07:47.059 Info, Serial port /dev/ttyACM0 opened (attempt 1)
2020-04-22 23:07:47.059 Detail, contrlr, Queuing (Command) FUNC_ID_ZW_GET_VERSION: 0x01, 0x03, 0x00, 0x15, 0xe9
2020-04-22 23:07:47.059 Detail, contrlr, Queuing (Command) FUNC_ID_ZW_MEMORY_GET_ID: 0x01, 0x03, 0x00, 0x20, 0xdc
2020-04-22 23:07:47.059 Detail, contrlr, Queuing (Command) FUNC_ID_ZW_GET_CONTROLLER_CAPABILITIES: 0x01, 0x03, 0x00, 0x05, 0xf9
2020-04-22 23:07:47.059 Detail, contrlr, Queuing (Command) FUNC_ID_SERIAL_API_GET_CAPABILITIES: 0x01, 0x03, 0x00, 0x07, 0xfb
2020-04-22 23:07:47.059 Detail, contrlr, Queuing (Command) FUNC_ID_ZW_GET_SUC_NODE_ID: 0x01, 0x03, 0x00, 0x56, 0xaa
2020-04-22 23:07:47.060 Detail, 
2020-04-22 23:07:47.060 Info, contrlr, Sending (Command) message (Callback ID=0x00, Expected Reply=0x15) - FUNC_ID_ZW_GET_VERSION: 0x01, 0x03, 0x00, 0x15, 0xe9
2020-04-22 23:07:47.061 Detail, contrlr,   Received: 0x01, 0x10, 0x01, 0x15, 0x5a, 0x2d, 0x57, 0x61, 0x76, 0x65, 0x20, 0x34, 0x2e, 0x35, 0x34, 0x00, 0x01, 0x93
2020-04-22 23:07:47.062 Detail, 
2020-04-22 23:07:47.062 Info, contrlr, Received reply to FUNC_ID_ZW_GET_VERSION:
2020-04-22 23:07:47.062 Info, contrlr,     Static Controller library, version Z-Wave 4.54
2020-04-22 23:07:47.062 Detail, Node045,   Expected reply was received
2020-04-22 23:07:47.062 Detail, Node045,   Message transaction complete
2020-04-22 23:07:47.062 Detail, 
2020-04-22 23:07:47.062 Detail, contrlr, Removing current message
2020-04-22 23:07:47.062 Detail, 
2020-04-22 23:07:47.062 Info, contrlr, Sending (Command) message (Callback ID=0x00, Expected Reply=0x20) - FUNC_ID_ZW_MEMORY_GET_ID: 0x01, 0x03, 0x00, 0x20, 0xdc
2020-04-22 23:07:47.064 Detail, contrlr,   Received: 0x01, 0x08, 0x01, 0x20, 0xe4, 0xf6, 0xdb, 0xc9, 0x01, 0xd7
2020-04-22 23:07:47.065 Detail, 
2020-04-22 23:07:47.065 Info, contrlr, Received reply to FUNC_ID_ZW_MEMORY_GET_ID. Home ID = 0xe4f6dbc9.  Our node ID = 1
2020-04-22 23:07:47.065 Detail, Node246,   Expected reply was received
2020-04-22 23:07:47.065 Detail, Node246,   Message transaction complete
2020-04-22 23:07:47.065 Detail, 
2020-04-22 23:07:47.065 Detail, contrlr, Removing current message
2020-04-22 23:07:47.065 Detail, 
2020-04-22 23:07:47.065 Info, contrlr, Sending (Command) message (Callback ID=0x00, Expected Reply=0x05) - FUNC_ID_ZW_GET_CONTROLLER_CAPABILITIES: 0x01, 0x03, 0x00, 0x05, 0xf9
2020-04-22 23:07:47.067 Detail, contrlr,   Received: 0x01, 0x04, 0x01, 0x05, 0x08, 0xf7
2020-04-22 23:07:47.067 Detail, 
2020-04-22 23:07:47.067 Info, contrlr, Received reply to FUNC_ID_ZW_GET_CONTROLLER_CAPABILITIES:
2020-04-22 23:07:47.067 Info, contrlr,     There is no SUC ID Server (SIS) in this network.
2020-04-22 23:07:47.067 Info, contrlr,     The PC controller is a primary controller.
2020-04-22 23:07:47.067 Detail, Node247,   Expected reply was received
2020-04-22 23:07:47.067 Detail, Node247,   Message transaction complete
2020-04-22 23:07:47.067 Detail, 
2020-04-22 23:07:47.067 Detail, contrlr, Removing current message
2020-04-22 23:07:47.067 Detail, 
2020-04-22 23:07:47.067 Info, contrlr, Sending (Command) message (Callback ID=0x00, Expected Reply=0x07) - FUNC_ID_SERIAL_API_GET_CAPABILITIES: 0x01, 0x03, 0x00, 0x07, 0xfb
2020-04-22 23:07:47.071 Detail, contrlr,   Received: 0x01, 0x2b, 0x01, 0x07, 0x01, 0x01, 0x00, 0x86, 0x01, 0x01, 0x00, 0x5a, 0xfe, 0x81, 0xff, 0x88, 0x4f, 0x1f, 0x00, 0x00, 0xfb, 0x9f, 0x7d, 0xa0, 0x67, 0x00, 0x00, 0x80, 0x00, 0x80, 0x86, 0x00, 0x00, 0x00, 0xe8, 0x73, 0x00, 0x00, 0x0e, 0x00, 0x00, 0x60, 0x00, 0x00, 0xfb
2020-04-22 23:07:47.071 Detail, 
2020-04-22 23:07:47.071 Info, contrlr,  Received reply to FUNC_ID_SERIAL_API_GET_CAPABILITIES
2020-04-22 23:07:47.071 Info, contrlr,     Serial API Version:   1.1
2020-04-22 23:07:47.071 Info, contrlr,     Manufacturer ID:      0x0086
2020-04-22 23:07:47.071 Info, contrlr,     Product Type:         0x0101
2020-04-22 23:07:47.071 Info, contrlr,     Product ID:           0x005a
2020-04-22 23:07:47.071 Detail, contrlr, Queuing (Command) FUNC_ID_ZW_GET_RANDOM: 0x01, 0x04, 0x00, 0x1c, 0x20, 0xc7
2020-04-22 23:07:47.071 Detail, contrlr, Queuing (Command) FUNC_ID_SERIAL_API_GET_INIT_DATA: 0x01, 0x03, 0x00, 0x02, 0xfe
2020-04-22 23:07:47.071 Detail, contrlr, Queuing (Command) FUNC_ID_SERIAL_API_SET_TIMEOUTS: 0x01, 0x05, 0x00, 0x06, 0x64, 0x0f, 0x97
2020-04-22 23:07:47.071 Detail, contrlr, Queuing (Command) FUNC_ID_SERIAL_API_APPL_NODE_INFORMATION: 0x01, 0x07, 0x00, 0x03, 0x01, 0x02, 0x01, 0x00, 0xf9
2020-04-22 23:07:47.071 Detail, Node001,   Expected reply was received
2020-04-22 23:07:47.071 Detail, Node001,   Message transaction complete
2020-04-22 23:07:47.071 Detail, 
2020-04-22 23:07:47.071 Detail, contrlr, Removing current message
2020-04-22 23:07:47.071 Detail, 
2020-04-22 23:07:47.071 Info, contrlr, Sending (Command) message (Callback ID=0x00, Expected Reply=0x56) - FUNC_ID_ZW_GET_SUC_NODE_ID: 0x01, 0x03, 0x00, 0x56, 0xaa
2020-04-22 23:07:47.073 Detail, contrlr,   Received: 0x01, 0x04, 0x01, 0x56, 0x00, 0xac
2020-04-22 23:07:47.073 Detail, 
2020-04-22 23:07:47.073 Info, contrlr, Received reply to GET_SUC_NODE_ID.  Node ID = 0
2020-04-22 23:07:47.073 Info, Controller Does not Support SUC - Cannot Setup Controller as SUC Node
2020-04-22 23:07:47.073 Detail, Node172,   Expected reply was received
2020-04-22 23:07:47.073 Detail, Node172,   Message transaction complete
2020-04-22 23:07:47.073 Detail, 
2020-04-22 23:07:47.073 Detail, contrlr, Removing current message
2020-04-22 23:07:47.073 Detail, 
2020-04-22 23:07:47.073 Info, contrlr, Sending (Command) message (Callback ID=0x00, Expected Reply=0x1c) - FUNC_ID_ZW_GET_RANDOM: 0x01, 0x04, 0x00, 0x1c, 0x20, 0xc7
2020-04-22 23:07:47.128 Detail, contrlr,   Received: 0x01, 0x25, 0x01, 0x1c, 0x01, 0x20, 0x0a, 0x37, 0x49, 0xd2, 0x73, 0x73, 0x25, 0x96, 0xd2, 0x07, 0x91, 0x2f, 0x41, 0xc8, 0xdd, 0xda, 0xe8, 0xd8, 0x19, 0x9b, 0x1d, 0x0a, 0x43, 0x1a, 0xa5, 0xf6, 0x89, 0xe5, 0x88, 0xed, 0xa6, 0xdf, 0xc9
2020-04-22 23:07:47.129 Detail, 
2020-04-22 23:07:47.129 Info, contrlr, Received reply to FUNC_ID_ZW_GET_RANDOM: true
2020-04-22 23:07:47.129 Detail, Node032,   Expected reply was received
2020-04-22 23:07:47.129 Detail, Node032,   Message transaction complete
2020-04-22 23:07:47.129 Detail, 
2020-04-22 23:07:47.129 Detail, contrlr, Removing current message
2020-04-22 23:07:47.129 Detail, 
2020-04-22 23:07:47.129 Info, contrlr, Sending (Command) message (Callback ID=0x00, Expected Reply=0x02) - FUNC_ID_SERIAL_API_GET_INIT_DATA: 0x01, 0x03, 0x00, 0x02, 0xfe
2020-04-22 23:07:47.233 Detail, contrlr,   Received: 0x01, 0x25, 0x01, 0x02, 0x05, 0x00, 0x1d, 0x79, 0x07, 0x00, 0x00, 0x00, 0x00, 0x00, 0x00, 0x00, 0x00, 0x00, 0x00, 0x00, 0x00, 0x00, 0x00, 0x00, 0x00, 0x00, 0x00, 0x00, 0x00, 0x00, 0x00, 0x00, 0x00, 0x00, 0x00, 0x00, 0x05, 0x00, 0xba
2020-04-22 23:07:47.234 Detail, 
2020-04-22 23:07:47.234 Info, mgr,     Driver with Home ID of 0xe4f6dbc9 is now ready.
2020-04-22 23:07:47.234 Info, 
2020-04-22 23:07:47.259 Detail, Node004, Queuing (Controller) Delete All Return Routes
2020-04-22 23:07:47.259 Detail, Node004, Queuing (Controller) Assign Return Route
2020-04-22 23:07:47.259 Info, Node005, CentralScene - Created 0
2020-04-22 23:07:47.260 Detail, Node005, Queuing (Controller) Delete All Return Routes
2020-04-22 23:07:47.260 Detail, Node005, Queuing (Controller) Assign Return Route
2020-04-22 23:07:47.260 Detail, Node006, Queuing (Controller) Delete All Return Routes
2020-04-22 23:07:47.260 Detail, Node006, Queuing (Controller) Assign Return Route
2020-04-22 23:07:47.260 Detail, Node007, Queuing (Controller) Delete All Return Routes
2020-04-22 23:07:47.260 Detail, Node007, Queuing (Controller) Assign Return Route
2020-04-22 23:07:47.262 Info, Node010, Value Refresh triggered by CommandClass: COMMAND_CLASS_ALARM, Genre: 1, Instance: 1, Index: 0 for:
2020-04-22 23:07:47.262 Info, Node010,     CommandClass: COMMAND_CLASS_DOOR_LOCK, RequestFlags: 0, Instance: 1, Index: 1
2020-04-22 23:07:47.268 Info, contrlr, Received reply to FUNC_ID_SERIAL_API_GET_INIT_DATA:
2020-04-22 23:07:47.268 Info, contrlr,     Node 001 - Known
2020-04-22 23:07:47.268 Detail, Node001, AdvanceQueries queryPending=0 queryRetries=0 queryStage=CacheLoad live=1
2020-04-22 23:07:47.268 Detail, Node001, QueryStage_CacheLoad
2020-04-22 23:07:47.268 Info, Node001, Node Identity Codes: 0086:0101:005a
2020-04-22 23:07:47.268 Detail, Node001, QueryStage_Associations
2020-04-22 23:07:47.268 Detail, Node001, QueryStage_Neighbors
2020-04-22 23:07:47.268 Detail, contrlr, Requesting routing info (neighbor list) for Node 1
2020-04-22 23:07:47.268 Detail, Node001, Queuing (Command) Get Routing Info (Node=1): 0x01, 0x07, 0x00, 0x80, 0x01, 0x00, 0x00, 0x03, 0x7a
2020-04-22 23:07:47.268 Detail, Node001, Queuing (Query) Query Stage Complete (Neighbors)
2020-04-22 23:07:47.268 Info, contrlr,     Node 004 - Known
2020-04-22 23:07:47.268 Detail, Node004, AdvanceQueries queryPending=0 queryRetries=0 queryStage=CacheLoad live=1
2020-04-22 23:07:47.268 Detail, Node004, QueryStage_CacheLoad
2020-04-22 23:07:47.268 Info, Node004, Node Identity Codes: 0063:4952:3036
2020-04-22 23:07:47.268 Info, Node004, NoOperation::Set - Routing=true
2020-04-22 23:07:47.268 Detail, Node004, Queuing (NoOp) NoOperation_Set (Node=4): 0x01, 0x09, 0x00, 0x13, 0x04, 0x02, 0x00, 0x00, 0x25, 0x0a, 0xcc
2020-04-22 23:07:47.268 Detail, Node004, Queuing (Query) Query Stage Complete (CacheLoad)
2020-04-22 23:07:47.268 Info, contrlr,     Node 005 - Known
2020-04-22 23:07:47.268 Detail, Node005, AdvanceQueries queryPending=0 queryRetries=0 queryStage=CacheLoad live=1
2020-04-22 23:07:47.268 Detail, Node005, QueryStage_CacheLoad
2020-04-22 23:07:47.268 Info, Node005, Node Identity Codes: 0063:4952:3135
2020-04-22 23:07:47.268 Info, Node005, NoOperation::Set - Routing=true
2020-04-22 23:07:47.268 Detail, Node005, Queuing (NoOp) NoOperation_Set (Node=5): 0x01, 0x09, 0x00, 0x13, 0x05, 0x02, 0x00, 0x00, 0x25, 0x0b, 0xcc
2020-04-22 23:07:47.268 Detail, Node005, Queuing (Query) Query Stage Complete (CacheLoad)
2020-04-22 23:07:47.268 Info, contrlr,     Node 006 - Known
2020-04-22 23:07:47.268 Detail, Node006, AdvanceQueries queryPending=0 queryRetries=0 queryStage=CacheLoad live=1
2020-04-22 23:07:47.268 Detail, Node006, QueryStage_CacheLoad
2020-04-22 23:07:47.268 Info, Node006, Node Identity Codes: 0063:4952:3036
2020-04-22 23:07:47.268 Info, Node006, NoOperation::Set - Routing=true
2020-04-22 23:07:47.268 Detail, Node006, Queuing (NoOp) NoOperation_Set (Node=6): 0x01, 0x09, 0x00, 0x13, 0x06, 0x02, 0x00, 0x00, 0x25, 0x0c, 0xc8
2020-04-22 23:07:47.268 Detail, Node006, Queuing (Query) Query Stage Complete (CacheLoad)
2020-04-22 23:07:47.268 Info, contrlr,     Node 007 - Known
2020-04-22 23:07:47.269 Detail, Node007, AdvanceQueries queryPending=0 queryRetries=0 queryStage=CacheLoad live=1
2020-04-22 23:07:47.269 Detail, Node007, QueryStage_CacheLoad
2020-04-22 23:07:47.269 Info, Node007, Node Identity Codes: 0063:4952:3133
2020-04-22 23:07:47.269 Info, Node007, NoOperation::Set - Routing=true
2020-04-22 23:07:47.269 Detail, Node007, Queuing (NoOp) NoOperation_Set (Node=7): 0x01, 0x09, 0x00, 0x13, 0x07, 0x02, 0x00, 0x00, 0x25, 0x0d, 0xc8
2020-04-22 23:07:47.269 Detail, Node007, Queuing (Query) Query Stage Complete (CacheLoad)
2020-04-22 23:07:47.269 Info, contrlr,     Node 009 - Known
2020-04-22 23:07:47.269 Detail, Node009, AdvanceQueries queryPending=0 queryRetries=0 queryStage=CacheLoad live=1
2020-04-22 23:07:47.269 Detail, Node009, QueryStage_CacheLoad
2020-04-22 23:07:47.269 Info, Node009, Node Identity Codes: 001d:3401:0001
2020-04-22 23:07:47.269 Info, Node009, NoOperation::Set - Routing=true
2020-04-22 23:07:47.269 Detail, Node009, Queuing (NoOp) NoOperation_Set (Node=9): 0x01, 0x09, 0x00, 0x13, 0x09, 0x02, 0x00, 0x00, 0x25, 0x0e, 0xc5
2020-04-22 23:07:47.269 Detail, Node009, Queuing (Query) Query Stage Complete (CacheLoad)
2020-04-22 23:07:47.269 Info, contrlr,     Node 010 - Known
2020-04-22 23:07:47.269 Detail, Node010, AdvanceQueries queryPending=0 queryRetries=0 queryStage=CacheLoad live=1
2020-04-22 23:07:47.269 Detail, Node010, QueryStage_CacheLoad
2020-04-22 23:07:47.269 Info, Node010, Node Identity Codes: 0090:0001:0001
2020-04-22 23:07:47.269 Info, Node010, NoOperation::Set - Routing=true
2020-04-22 23:07:47.269 Detail, Node010, Queuing (NoOp) NoOperation_Set (Node=10): 0x01, 0x09, 0x00, 0x13, 0x0a, 0x02, 0x00, 0x00, 0x25, 0x0f, 0xc7
2020-04-22 23:07:47.269 Detail, Node010, Queuing (Query) Query Stage Complete (CacheLoad)
2020-04-22 23:07:47.269 Info, contrlr,     Node 011 - Known
2020-04-22 23:07:47.269 Detail, Node011, AdvanceQueries queryPending=0 queryRetries=0 queryStage=CacheLoad live=1
2020-04-22 23:07:47.269 Detail, Node011, QueryStage_CacheLoad
2020-04-22 23:07:47.269 Info, Node011, Node Identity Codes: 0086:0102:0064
2020-04-22 23:07:47.269 Info, Node011, NoOperation::Set - Routing=true
2020-04-22 23:07:47.269 Detail, Node011, Queuing (NoOp) NoOperation_Set (Node=11): 0x01, 0x09, 0x00, 0x13, 0x0b, 0x02, 0x00, 0x00, 0x25, 0x10, 0xd9
2020-04-22 23:07:47.269 Detail, Node011, Queuing (Query) Query Stage Complete (CacheLoad)
2020-04-22 23:07:47.269 Detail,   Expected reply was received
2020-04-22 23:07:47.269 Detail,   Message transaction complete
2020-04-22 23:07:47.269 Detail, 
2020-04-22 23:07:47.269 Detail, contrlr, Removing current message
2020-04-22 23:07:47.271 Detail, Node001, Notification: DriverReady
2020-04-22 23:07:47.280 Detail, Node001, Notification: NodeAdded
2020-04-22 23:07:47.282 Detail, Node001, Notification: NodeProtocolInfo
2020-04-22 23:07:47.282 Detail, Node001, Notification: EssentialNodeQueriesComplete
2020-04-22 23:07:47.282 Detail, Node001, Notification: ValueAdded
2020-04-22 23:07:47.283 Detail, Node001, Notification: NodeNaming
2020-04-22 23:07:47.283 Detail, Node004, Notification: NodeAdded
2020-04-22 23:07:47.285 Detail, Node004, Notification: NodeProtocolInfo
2020-04-22 23:07:47.287 Detail, Node004, Notification: EssentialNodeQueriesComplete
2020-04-22 23:07:47.288 Detail, Node004, Notification: ValueAdded
2020-04-22 23:07:47.293 Detail, Node004, Notification: ValueAdded
2020-04-22 23:07:47.317 Detail, Node004, Notification: ValueAdded
2020-04-22 23:07:47.319 Detail, Node004, Notification: ValueAdded
2020-04-22 23:07:47.322 Detail, Node004, Notification: ValueAdded
2020-04-22 23:07:47.323 Detail, Node004, Notification: ValueAdded
2020-04-22 23:07:47.324 Detail, Node004, Notification: ValueAdded
2020-04-22 23:07:47.325 Detail, Node004, Notification: ValueAdded
2020-04-22 23:07:47.326 Detail, Node004, Notification: ValueAdded
2020-04-22 23:07:47.329 Detail, Node004, Notification: ValueAdded
2020-04-22 23:07:47.329 Detail, Node004, Notification: ValueAdded
2020-04-22 23:07:47.343 Detail, Node004, Notification: ValueAdded
2020-04-22 23:07:47.344 Detail, Node004, Notification: ValueAdded
2020-04-22 23:07:47.345 Detail, Node004, Notification: ValueAdded
2020-04-22 23:07:47.348 Detail, Node004, Notification: ValueAdded
2020-04-22 23:07:47.351 Detail, Node004, Notification: ValueAdded
2020-04-22 23:07:47.354 Detail, Node004, Notification: ValueAdded
2020-04-22 23:07:47.356 Detail, Node004, Notification: Group
2020-04-22 23:07:47.359 Detail, Node004, Notification: Group
2020-04-22 23:07:47.361 Detail, Node004, Notification: Group
2020-04-22 23:07:47.362 Detail, Node004, Notification: ValueAdded
2020-04-22 23:07:47.364 Detail, Node004, Notification: ValueAdded
2020-04-22 23:07:47.365 Detail, Node004, Notification: ValueAdded
2020-04-22 23:07:47.366 Detail, Node004, Notification: NodeNaming
2020-04-22 23:07:47.372 Detail, Node005, Notification: NodeAdded
2020-04-22 23:07:47.374 Detail, Node005, Notification: NodeProtocolInfo
2020-04-22 23:07:47.375 Detail, Node005, Notification: EssentialNodeQueriesComplete
2020-04-22 23:07:47.378 Detail, Node005, Notification: ValueAdded
2020-04-22 23:07:47.381 Detail, Node005, Notification: ValueAdded
2020-04-22 23:07:47.384 Detail, Node005, Notification: ValueAdded
2020-04-22 23:07:47.395 Detail, Node005, Notification: ValueAdded
2020-04-22 23:07:47.404 Detail, Node005, Notification: ValueAdded
2020-04-22 23:07:47.406 Detail, Node005, Notification: ValueAdded
2020-04-22 23:07:47.407 Detail, Node005, Notification: ValueAdded
2020-04-22 23:07:47.407 Detail, Node005, Notification: ValueAdded
2020-04-22 23:07:47.411 Detail, Node005, Notification: ValueAdded
2020-04-22 23:07:47.413 Detail, Node005, Notification: ValueAdded
2020-04-22 23:07:47.414 Detail, Node005, Notification: ValueAdded
2020-04-22 23:07:47.418 Detail, Node005, Notification: ValueAdded
2020-04-22 23:07:47.421 Detail, Node005, Notification: ValueAdded
2020-04-22 23:07:47.422 Detail, Node005, Notification: ValueAdded
2020-04-22 23:07:47.425 Detail, Node005, Notification: ValueAdded
2020-04-22 23:07:47.428 Detail, Node005, Notification: ValueAdded
2020-04-22 23:07:47.433 Detail, Node005, Notification: Group
2020-04-22 23:07:47.436 Detail, Node005, Notification: Group
2020-04-22 23:07:47.437 Detail, Node005, Notification: Group
2020-04-22 23:07:47.438 Detail, Node005, Notification: ValueAdded
2020-04-22 23:07:47.442 Detail, Node005, Notification: ValueAdded
2020-04-22 23:07:47.448 Detail, Node005, Notification: ValueAdded
2020-04-22 23:07:47.454 Detail, Node005, Notification: NodeNaming
2020-04-22 23:07:47.456 Detail, Node006, Notification: NodeAdded
2020-04-22 23:07:47.458 Detail, Node006, Notification: NodeProtocolInfo
2020-04-22 23:07:47.461 Detail, Node006, Notification: EssentialNodeQueriesComplete
2020-04-22 23:07:47.466 Detail, Node006, Notification: ValueAdded
2020-04-22 23:07:47.475 Detail, Node006, Notification: ValueAdded
2020-04-22 23:07:47.475 Detail, Node006, Notification: ValueAdded
2020-04-22 23:07:47.476 Detail, Node006, Notification: ValueAdded
2020-04-22 23:07:47.477 Detail, Node006, Notification: ValueAdded
2020-04-22 23:07:47.478 Detail, Node006, Notification: ValueAdded
2020-04-22 23:07:47.479 Detail, Node006, Notification: ValueAdded
2020-04-22 23:07:47.480 Detail, Node006, Notification: ValueAdded
2020-04-22 23:07:47.481 Detail, Node006, Notification: ValueAdded
2020-04-22 23:07:47.485 Detail, Node006, Notification: ValueAdded
2020-04-22 23:07:47.488 Detail, Node006, Notification: ValueAdded
2020-04-22 23:07:47.489 Detail, Node006, Notification: ValueAdded
2020-04-22 23:07:47.493 Detail, Node006, Notification: ValueAdded
2020-04-22 23:07:47.497 Detail, Node006, Notification: ValueAdded
2020-04-22 23:07:47.497 Detail, Node006, Notification: ValueAdded
2020-04-22 23:07:47.500 Detail, Node006, Notification: ValueAdded
2020-04-22 23:07:47.504 Detail, Node006, Notification: ValueAdded
2020-04-22 23:07:47.507 Detail, Node006, Notification: Group
2020-04-22 23:07:47.507 Detail, Node006, Notification: Group
2020-04-22 23:07:47.507 Detail, Node006, Notification: Group
2020-04-22 23:07:47.507 Detail, Node006, Notification: ValueAdded
2020-04-22 23:07:47.508 Detail, Node006, Notification: ValueAdded
2020-04-22 23:07:47.511 Detail, Node006, Notification: ValueAdded
2020-04-22 23:07:47.512 Detail, Node006, Notification: NodeNaming
2020-04-22 23:07:47.515 Detail, Node007, Notification: NodeAdded
2020-04-22 23:07:47.520 Detail, Node007, Notification: NodeProtocolInfo
2020-04-22 23:07:47.522 Detail, Node007, Notification: EssentialNodeQueriesComplete
2020-04-22 23:07:47.522 Detail, Node007, Notification: ValueAdded
2020-04-22 23:07:47.528 Detail, Node007, Notification: ValueAdded
2020-04-22 23:07:47.529 Detail, Node007, Notification: ValueAdded
2020-04-22 23:07:47.537 Detail, Node007, Notification: ValueAdded
2020-04-22 23:07:47.540 Detail, Node007, Notification: ValueAdded
2020-04-22 23:07:47.541 Detail, Node007, Notification: ValueAdded
2020-04-22 23:07:47.545 Detail, Node007, Notification: ValueAdded
2020-04-22 23:07:47.545 Detail, Node007, Notification: ValueAdded
2020-04-22 23:07:47.549 Detail, Node007, Notification: ValueAdded
2020-04-22 23:07:47.552 Detail, Node007, Notification: ValueAdded
2020-04-22 23:07:47.555 Detail, Node007, Notification: ValueAdded
2020-04-22 23:07:47.558 Detail, Node007, Notification: ValueAdded
2020-04-22 23:07:47.561 Detail, Node007, Notification: ValueAdded
2020-04-22 23:07:47.562 Detail, Node007, Notification: ValueAdded
2020-04-22 23:07:47.567 Detail, Node007, Notification: ValueAdded
2020-04-22 23:07:47.568 Detail, Node007, Notification: ValueAdded
2020-04-22 23:07:47.569 Detail, Node007, Notification: Group
2020-04-22 23:07:47.569 Detail, Node007, Notification: Group
2020-04-22 23:07:47.569 Detail, Node007, Notification: Group
2020-04-22 23:07:47.569 Detail, Node007, Notification: ValueAdded
2020-04-22 23:07:47.570 Detail, Node007, Notification: ValueAdded
2020-04-22 23:07:47.571 Detail, Node007, Notification: ValueAdded
2020-04-22 23:07:47.574 Detail, Node007, Notification: NodeNaming
2020-04-22 23:07:47.577 Detail, Node009, Notification: NodeAdded
2020-04-22 23:07:47.579 Detail, Node009, Notification: NodeProtocolInfo
2020-04-22 23:07:47.585 Detail, Node009, Notification: EssentialNodeQueriesComplete
2020-04-22 23:07:47.586 Detail, Node009, Notification: ValueAdded
2020-04-22 23:07:47.591 Detail, Node009, Notification: ValueAdded
2020-04-22 23:07:47.594 Detail, Node009, Notification: ValueAdded
2020-04-22 23:07:47.597 Detail, Node009, Notification: ValueAdded
2020-04-22 23:07:47.601 Detail, Node009, Notification: ValueAdded
2020-04-22 23:07:47.604 Detail, Node009, Notification: ValueAdded
2020-04-22 23:07:47.607 Detail, Node009, Notification: ValueAdded
2020-04-22 23:07:47.610 Detail, Node009, Notification: ValueAdded
2020-04-22 23:07:47.613 Detail, Node009, Notification: ValueAdded
2020-04-22 23:07:47.617 Detail, Node009, Notification: ValueAdded
2020-04-22 23:07:47.621 Detail, Node009, Notification: ValueAdded
2020-04-22 23:07:47.622 Detail, Node009, Notification: ValueAdded
2020-04-22 23:07:47.623 Detail, Node009, Notification: ValueAdded
2020-04-22 23:07:47.626 Detail, Node009, Notification: ValueAdded
2020-04-22 23:07:47.627 Detail, Node009, Notification: ValueAdded
2020-04-22 23:07:47.631 Detail, Node009, Notification: ValueAdded
2020-04-22 23:07:47.632 Detail, Node009, Notification: Group
2020-04-22 23:07:47.634 Detail, Node009, Notification: ValueAdded
2020-04-22 23:07:47.635 Detail, Node009, Notification: ValueAdded
2020-04-22 23:07:47.636 Detail, Node009, Notification: ValueAdded
2020-04-22 23:07:47.637 Detail, Node009, Notification: NodeNaming
2020-04-22 23:07:47.640 Detail, Node010, Notification: NodeAdded
2020-04-22 23:07:47.645 Detail, Node010, Notification: NodeProtocolInfo
2020-04-22 23:07:47.648 Detail, Node010, Notification: EssentialNodeQueriesComplete
2020-04-22 23:07:47.650 Detail, Node010, Notification: ValueAdded
2020-04-22 23:07:47.651 Detail, Node010, Notification: ValueAdded
2020-04-22 23:07:47.655 Detail, Node010, Notification: ValueAdded
2020-04-22 23:07:47.658 Detail, Node010, Notification: ValueAdded
2020-04-22 23:07:47.664 Detail, Node010, Notification: ValueAdded
2020-04-22 23:07:47.667 Detail, Node010, Notification: ValueAdded
2020-04-22 23:07:47.669 Detail, Node010, Notification: ValueAdded
2020-04-22 23:07:47.672 Detail, Node010, Notification: ValueAdded
2020-04-22 23:07:47.680 Detail, Node010, Notification: ValueAdded
2020-04-22 23:07:47.682 Detail, Node010, Notification: ValueAdded
2020-04-22 23:07:47.686 Detail, Node010, Notification: ValueAdded
2020-04-22 23:07:47.687 Detail, Node010, Notification: ValueAdded
2020-04-22 23:07:47.691 Detail, Node010, Notification: ValueAdded
2020-04-22 23:07:47.693 Detail, Node010, Notification: ValueAdded
2020-04-22 23:07:47.696 Detail, Node010, Notification: ValueAdded
2020-04-22 23:07:47.700 Detail, Node010, Notification: ValueAdded
2020-04-22 23:07:47.703 Detail, Node010, Notification: ValueAdded
2020-04-22 23:07:47.707 Detail, Node010, Notification: ValueAdded
2020-04-22 23:07:47.710 Detail, Node010, Notification: ValueAdded
2020-04-22 23:07:47.713 Detail, Node010, Notification: ValueAdded
2020-04-22 23:07:47.717 Detail, Node010, Notification: ValueAdded
2020-04-22 23:07:47.719 Detail, Node010, Notification: ValueAdded
2020-04-22 23:07:47.720 Detail, Node010, Notification: ValueAdded
2020-04-22 23:07:47.723 Detail, Node010, Notification: ValueAdded
2020-04-22 23:07:47.725 Detail, Node010, Notification: ValueAdded
2020-04-22 23:07:47.726 Detail, Node010, Notification: ValueAdded
2020-04-22 23:07:47.728 Detail, Node010, Notification: ValueAdded
2020-04-22 23:07:47.729 Detail, Node010, Notification: ValueAdded
2020-04-22 23:07:47.732 Detail, Node010, Notification: ValueAdded
2020-04-22 23:07:47.733 Detail, Node010, Notification: ValueAdded
2020-04-22 23:07:47.735 Detail, Node010, Notification: ValueAdded
2020-04-22 23:07:47.736 Detail, Node010, Notification: ValueAdded
2020-04-22 23:07:47.736 Detail, Node010, Notification: ValueAdded
2020-04-22 23:07:47.740 Detail, Node010, Notification: ValueAdded
2020-04-22 23:07:47.743 Detail, Node010, Notification: ValueAdded
2020-04-22 23:07:47.746 Detail, Node010, Notification: ValueAdded
2020-04-22 23:07:47.750 Detail, Node010, Notification: ValueAdded
2020-04-22 23:07:47.753 Detail, Node010, Notification: ValueAdded
2020-04-22 23:07:47.757 Detail, Node010, Notification: ValueAdded
2020-04-22 23:07:47.759 Detail, Node010, Notification: ValueAdded
2020-04-22 23:07:47.762 Detail, Node010, Notification: ValueAdded
2020-04-22 23:07:47.763 Detail, Node010, Notification: ValueAdded
2020-04-22 23:07:47.765 Detail, Node010, Notification: ValueAdded
2020-04-22 23:07:47.766 Detail, Node010, Notification: ValueAdded
2020-04-22 23:07:47.768 Detail, Node010, Notification: ValueAdded
2020-04-22 23:07:47.771 Detail, Node010, Notification: ValueAdded
2020-04-22 23:07:47.771 Detail, Node010, Notification: ValueAdded
2020-04-22 23:07:47.774 Detail, Node010, Notification: ValueAdded
2020-04-22 23:07:47.775 Detail, Node010, Notification: ValueAdded
2020-04-22 23:07:47.778 Detail, Node010, Notification: ValueAdded
2020-04-22 23:07:47.781 Detail, Node010, Notification: ValueAdded
2020-04-22 23:07:47.784 Detail, Node010, Notification: ValueAdded
2020-04-22 23:07:47.788 Detail, Node010, Notification: ValueAdded
2020-04-22 23:07:47.791 Detail, Node010, Notification: ValueAdded
2020-04-22 23:07:47.795 Detail, Node010, Notification: ValueAdded
2020-04-22 23:07:47.799 Detail, Node010, Notification: ValueAdded
2020-04-22 23:07:47.802 Detail, Node010, Notification: ValueAdded
2020-04-22 23:07:47.803 Detail, Node010, Notification: ValueAdded
2020-04-22 23:07:47.804 Detail, Node010, Notification: ValueAdded
2020-04-22 23:07:47.808 Detail, Node010, Notification: ValueAdded
2020-04-22 23:07:47.810 Detail, Node010, Notification: ValueAdded
2020-04-22 23:07:47.811 Detail, Node010, Notification: ValueAdded
2020-04-22 23:07:47.815 Detail, Node010, Notification: ValueAdded
2020-04-22 23:07:47.818 Detail, Node010, Notification: ValueAdded
2020-04-22 23:07:47.822 Detail, Node010, Notification: ValueAdded
2020-04-22 23:07:47.825 Detail, Node010, Notification: ValueAdded
2020-04-22 23:07:47.828 Detail, Node010, Notification: ValueAdded
2020-04-22 23:07:47.829 Detail, Node010, Notification: ValueAdded
2020-04-22 23:07:47.833 Detail, Node010, Notification: ValueAdded
2020-04-22 23:07:47.836 Detail, Node010, Notification: ValueAdded
2020-04-22 23:07:47.840 Detail, Node010, Notification: ValueAdded
2020-04-22 23:07:47.843 Detail, Node010, Notification: ValueAdded
2020-04-22 23:07:47.844 Detail, Node010, Notification: ValueAdded
2020-04-22 23:07:47.847 Detail, Node010, Notification: ValueAdded
2020-04-22 23:07:47.848 Detail, Node010, Notification: ValueAdded
2020-04-22 23:07:47.849 Detail, Node010, Notification: ValueAdded
2020-04-22 23:07:47.850 Detail, Node010, Notification: ValueAdded
2020-04-22 23:07:47.859 Detail, Node010, Notification: ValueAdded
2020-04-22 23:07:47.873 Detail, Node010, Notification: ValueAdded
2020-04-22 23:07:47.878 Detail, Node010, Notification: ValueAdded
2020-04-22 23:07:47.893 Detail, Node010, Notification: Group
2020-04-22 23:07:47.893 Detail, Node010, Notification: ValueAdded
2020-04-22 23:07:47.898 Detail, Node010, Notification: ValueAdded
2020-04-22 23:07:47.901 Detail, Node010, Notification: ValueAdded
2020-04-22 23:07:47.905 Detail, Node010, Notification: ValueAdded
2020-04-22 23:07:47.908 Detail, Node010, Notification: ValueAdded
2020-04-22 23:07:47.912 Detail, Node010, Notification: ValueAdded
2020-04-22 23:07:47.915 Detail, Node010, Notification: ValueAdded
2020-04-22 23:07:47.920 Detail, Node010, Notification: ValueAdded
2020-04-22 23:07:47.922 Detail, Node010, Notification: NodeNaming
2020-04-22 23:07:47.928 Detail, Node011, Notification: NodeAdded
2020-04-22 23:07:47.930 Detail, Node011, Notification: NodeProtocolInfo
2020-04-22 23:07:47.932 Detail, Node011, Notification: EssentialNodeQueriesComplete
2020-04-22 23:07:47.933 Detail, Node011, Notification: ValueAdded
2020-04-22 23:07:47.940 Detail, Node011, Notification: ValueAdded
2020-04-22 23:07:47.948 Detail, Node011, Notification: ValueAdded
2020-04-22 23:07:47.961 Detail, Node011, Notification: ValueAdded
2020-04-22 23:07:47.965 Detail, Node011, Notification: ValueAdded
2020-04-22 23:07:47.979 Detail, Node011, Notification: ValueAdded
2020-04-22 23:07:47.983 Detail, Node011, Notification: ValueAdded
2020-04-22 23:07:47.987 Detail, Node011, Notification: ValueAdded
2020-04-22 23:07:47.990 Detail, Node011, Notification: ValueAdded
2020-04-22 23:07:47.994 Detail, Node011, Notification: ValueAdded
2020-04-22 23:07:47.998 Detail, Node011, Notification: ValueAdded
2020-04-22 23:07:48.002 Detail, Node011, Notification: ValueAdded
2020-04-22 23:07:48.013 Detail, Node011, Notification: ValueAdded
2020-04-22 23:07:48.032 Detail, Node011, Notification: ValueAdded
2020-04-22 23:07:48.047 Detail, Node011, Notification: ValueAdded
2020-04-22 23:07:48.048 Detail, Node011, Notification: ValueAdded
2020-04-22 23:07:48.050 Detail, Node011, Notification: ValueAdded
2020-04-22 23:07:48.051 Detail, Node011, Notification: ValueAdded
2020-04-22 23:07:48.053 Detail, Node011, Notification: ValueAdded
2020-04-22 23:07:48.056 Detail, Node011, Notification: ValueAdded
2020-04-22 23:07:48.064 Detail, Node011, Notification: ValueAdded
2020-04-22 23:07:48.068 Detail, Node011, Notification: ValueAdded
2020-04-22 23:07:48.070 Detail, Node011, Notification: ValueAdded
2020-04-22 23:07:48.077 Detail, Node011, Notification: ValueAdded
2020-04-22 23:07:48.081 Detail, Node011, Notification: ValueAdded
2020-04-22 23:07:48.086 Detail, Node011, Notification: ValueAdded
2020-04-22 23:07:48.088 Detail, Node011, Notification: ValueAdded
2020-04-22 23:07:48.092 Detail, Node011, Notification: ValueAdded
2020-04-22 23:07:48.096 Detail, Node011, Notification: ValueAdded
2020-04-22 23:07:48.099 Detail, Node011, Notification: ValueAdded
2020-04-22 23:07:48.104 Detail, Node011, Notification: ValueAdded
2020-04-22 23:07:48.105 Detail, Node011, Notification: ValueAdded
2020-04-22 23:07:48.109 Detail, Node011, Notification: ValueAdded
2020-04-22 23:07:48.111 Detail, Node011, Notification: ValueAdded
2020-04-22 23:07:48.112 Detail, Node011, Notification: ValueAdded
2020-04-22 23:07:48.121 Detail, Node011, Notification: ValueAdded
2020-04-22 23:07:48.124 Detail, Node011, Notification: ValueAdded
2020-04-22 23:07:48.128 Detail, Node011, Notification: ValueAdded
2020-04-22 23:07:48.137 Detail, Node011, Notification: ValueAdded
2020-04-22 23:07:48.139 Detail, Node011, Notification: ValueAdded
2020-04-22 23:07:48.142 Detail, Node011, Notification: ValueAdded
2020-04-22 23:07:48.144 Detail, Node011, Notification: ValueAdded
2020-04-22 23:07:48.149 Detail, Node011, Notification: ValueAdded
2020-04-22 23:07:48.152 Detail, Node011, Notification: ValueAdded
2020-04-22 23:07:48.153 Detail, Node011, Notification: ValueAdded
2020-04-22 23:07:48.158 Detail, Node011, Notification: ValueAdded
2020-04-22 23:07:48.159 Detail, Node011, Notification: ValueAdded
2020-04-22 23:07:48.163 Detail, Node011, Notification: ValueAdded
2020-04-22 23:07:48.164 Detail, Node011, Notification: ValueAdded
2020-04-22 23:07:48.169 Detail, Node011, Notification: ValueAdded
2020-04-22 23:07:48.171 Detail, Node011, Notification: ValueAdded
2020-04-22 23:07:48.179 Detail, Node011, Notification: ValueAdded
2020-04-22 23:07:48.182 Detail, Node011, Notification: ValueAdded
2020-04-22 23:07:48.192 Detail, Node011, Notification: ValueAdded
2020-04-22 23:07:48.213 Detail, Node011, Notification: ValueAdded
2020-04-22 23:07:48.228 Detail, Node011, Notification: ValueAdded
2020-04-22 23:07:48.238 Detail, Node011, Notification: ValueAdded
2020-04-22 23:07:48.240 Detail, Node011, Notification: ValueAdded
2020-04-22 23:07:48.247 Detail, Node011, Notification: ValueAdded
2020-04-22 23:07:48.252 Detail, Node011, Notification: ValueAdded
2020-04-22 23:07:48.254 Detail, Node011, Notification: ValueAdded
2020-04-22 23:07:48.256 Detail, Node011, Notification: ValueAdded
2020-04-22 23:07:48.258 Detail, Node011, Notification: ValueAdded
2020-04-22 23:07:48.262 Detail, Node011, Notification: ValueAdded
2020-04-22 23:07:48.264 Detail, Node011, Notification: ValueAdded
2020-04-22 23:07:48.267 Detail, Node011, Notification: ValueAdded
2020-04-22 23:07:48.272 Detail, Node011, Notification: ValueAdded
2020-04-22 23:07:48.283 Detail, Node011, Notification: ValueAdded
2020-04-22 23:07:48.288 Detail, Node011, Notification: ValueAdded
2020-04-22 23:07:48.290 Detail, Node011, Notification: ValueAdded
2020-04-22 23:07:48.292 Detail, Node011, Notification: ValueAdded
2020-04-22 23:07:48.295 Detail, Node011, Notification: ValueAdded
2020-04-22 23:07:48.300 Detail, Node011, Notification: Group
2020-04-22 23:07:48.300 Detail, Node011, Notification: ValueAdded
2020-04-22 23:07:48.301 Detail, Node011, Notification: ValueAdded
2020-04-22 23:07:48.304 Detail, Node011, Notification: ValueAdded
2020-04-22 23:07:48.309 Detail, Node011, Notification: NodeNaming
2020-04-22 23:07:48.313 Detail, 
2020-04-22 23:07:48.313 Info, contrlr, Sending (Command) message (Callback ID=0x00, Expected Reply=0x06) - FUNC_ID_SERIAL_API_SET_TIMEOUTS: 0x01, 0x05, 0x00, 0x06, 0x64, 0x0f, 0x97
2020-04-22 23:07:48.315 Detail, contrlr,   Received: 0x01, 0x05, 0x01, 0x06, 0x96, 0x0f, 0x64
2020-04-22 23:07:48.315 Detail, 
2020-04-22 23:07:48.315 Info, contrlr, Received reply to FUNC_ID_SERIAL_API_SET_TIMEOUTS
2020-04-22 23:07:48.315 Detail, Node015,   Expected reply was received
2020-04-22 23:07:48.315 Detail, Node015,   Message transaction complete
2020-04-22 23:07:48.315 Detail, 
2020-04-22 23:07:48.315 Detail, contrlr, Removing current message
2020-04-22 23:07:48.315 Detail, 
2020-04-22 23:07:48.315 Info, contrlr, Sending (Command) message (Callback ID=0x00, Expected Reply=0x00) - FUNC_ID_SERIAL_API_APPL_NODE_INFORMATION: 0x01, 0x07, 0x00, 0x03, 0x01, 0x02, 0x01, 0x00, 0xf9
2020-04-22 23:07:48.316 Detail, contrlr, Removing current message
2020-04-22 23:07:48.316 Detail, 
2020-04-22 23:07:48.316 Info, Node001, Sending (Command) message (Callback ID=0x00, Expected Reply=0x80) - Get Routing Info (Node=1): 0x01, 0x07, 0x00, 0x80, 0x01, 0x00, 0x00, 0x03, 0x7a
2020-04-22 23:07:48.321 Detail, Node001,   Received: 0x01, 0x20, 0x01, 0x80, 0x58, 0x07, 0x00, 0x00, 0x00, 0x00, 0x00, 0x00, 0x00, 0x00, 0x00, 0x00, 0x00, 0x00, 0x00, 0x00, 0x00, 0x00, 0x00, 0x00, 0x00, 0x00, 0x00, 0x00, 0x00, 0x00, 0x00, 0x00, 0x00, 0x01
2020-04-22 23:07:48.321 Detail, 
2020-04-22 23:07:48.321 Info, Node001, Received reply to FUNC_ID_ZW_GET_ROUTING_INFO
2020-04-22 23:07:48.321 Info, Node001,     Neighbors of this node are:
2020-04-22 23:07:48.322 Info, Node001,     Node 4
2020-04-22 23:07:48.322 Info, Node001,     Node 5
2020-04-22 23:07:48.322 Info, Node001,     Node 7
2020-04-22 23:07:48.322 Info, Node001,     Node 9
2020-04-22 23:07:48.322 Info, Node001,     Node 10
2020-04-22 23:07:48.322 Info, Node001,     Node 11
2020-04-22 23:07:48.322 Detail, Node007,   Expected reply was received
2020-04-22 23:07:48.322 Detail, Node007,   Message transaction complete
2020-04-22 23:07:48.322 Detail, 
2020-04-22 23:07:48.322 Detail, Node001, Removing current message
2020-04-22 23:07:48.322 Detail, 
2020-04-22 23:07:48.322 Info, Node004, Sending (NoOp) message (Callback ID=0x0a, Expected Reply=0x13) - NoOperation_Set (Node=4): 0x01, 0x09, 0x00, 0x13, 0x04, 0x02, 0x00, 0x00, 0x25, 0x0a, 0xcc
2020-04-22 23:07:48.330 Detail, Node004,   Received: 0x01, 0x04, 0x01, 0x13, 0x01, 0xe8
2020-04-22 23:07:48.330 Detail, Node004,   ZW_SEND_DATA delivered to Z-Wave stack
2020-04-22 23:07:48.347 Detail, Node004,   Received: 0x01, 0x07, 0x00, 0x13, 0x0a, 0x00, 0x00, 0x02, 0xe3
2020-04-22 23:07:48.347 Detail, Node004,   ZW_SEND_DATA Request with callback ID 0x0a received (expected 0x0a)
2020-04-22 23:07:48.348 Info, Node004, Request RTT 25 Average Request RTT 25
2020-04-22 23:07:48.348 Detail,   Expected callbackId was received
2020-04-22 23:07:48.348 Detail,   Expected reply was received
2020-04-22 23:07:48.348 Detail,   Message transaction complete
2020-04-22 23:07:48.348 Detail, 
2020-04-22 23:07:48.348 Detail, Node004, Removing current message
2020-04-22 23:07:48.348 Detail, Node004, Notification: Notification - NoOperation
2020-04-22 23:07:48.350 Detail, 
2020-04-22 23:07:48.350 Info, Node005, Sending (NoOp) message (Callback ID=0x0b, Expected Reply=0x13) - NoOperation_Set (Node=5): 0x01, 0x09, 0x00, 0x13, 0x05, 0x02, 0x00, 0x00, 0x25, 0x0b, 0xcc
2020-04-22 23:07:48.357 Detail, Node005,   Received: 0x01, 0x04, 0x01, 0x13, 0x01, 0xe8
2020-04-22 23:07:48.357 Detail, Node005,   ZW_SEND_DATA delivered to Z-Wave stack
2020-04-22 23:07:48.373 Detail, Node005,   Received: 0x01, 0x07, 0x00, 0x13, 0x0b, 0x00, 0x00, 0x03, 0xe3
2020-04-22 23:07:48.374 Detail, Node005,   ZW_SEND_DATA Request with callback ID 0x0b received (expected 0x0b)
2020-04-22 23:07:48.374 Info, Node005, Request RTT 23 Average Request RTT 23
2020-04-22 23:07:48.374 Detail,   Expected callbackId was received
2020-04-22 23:07:48.374 Detail,   Expected reply was received
2020-04-22 23:07:48.374 Detail,   Message transaction complete
2020-04-22 23:07:48.374 Detail, 
2020-04-22 23:07:48.374 Detail, Node005, Removing current message
2020-04-22 23:07:48.374 Detail, Node005, Notification: Notification - NoOperation
2020-04-22 23:07:48.380 Detail, 
2020-04-22 23:07:48.380 Info, Node006, Sending (NoOp) message (Callback ID=0x0c, Expected Reply=0x13) - NoOperation_Set (Node=6): 0x01, 0x09, 0x00, 0x13, 0x06, 0x02, 0x00, 0x00, 0x25, 0x0c, 0xc8
2020-04-22 23:07:48.387 Detail, Node006,   Received: 0x01, 0x04, 0x01, 0x13, 0x01, 0xe8
2020-04-22 23:07:48.387 Detail, Node006,   ZW_SEND_DATA delivered to Z-Wave stack
2020-04-22 23:07:48.428 Detail, Node006,   Received: 0x01, 0x07, 0x00, 0x13, 0x0c, 0x00, 0x00, 0x05, 0xe2
2020-04-22 23:07:48.428 Detail, Node006,   ZW_SEND_DATA Request with callback ID 0x0c received (expected 0x0c)
2020-04-22 23:07:48.428 Info, Node006, Request RTT 48 Average Request RTT 48
2020-04-22 23:07:48.429 Detail,   Expected callbackId was received
2020-04-22 23:07:48.429 Detail,   Expected reply was received
2020-04-22 23:07:48.429 Detail,   Message transaction complete
2020-04-22 23:07:48.429 Detail, 
2020-04-22 23:07:48.429 Detail, Node006, Removing current message
2020-04-22 23:07:48.429 Detail, Node006, Notification: Notification - NoOperation
2020-04-22 23:07:48.431 Detail, 
2020-04-22 23:07:48.431 Info, Node007, Sending (NoOp) message (Callback ID=0x0d, Expected Reply=0x13) - NoOperation_Set (Node=7): 0x01, 0x09, 0x00, 0x13, 0x07, 0x02, 0x00, 0x00, 0x25, 0x0d, 0xc8
2020-04-22 23:07:48.438 Detail, Node007,   Received: 0x01, 0x04, 0x01, 0x13, 0x01, 0xe8
