2020-10-26 15:42:50.031 Always, OpenZwave Version 1.4.3469 Starting Up
2020-10-26 15:43:05.775 Info, Setting Up Provided Network Key for Secure Communications
2020-10-26 15:43:05.775 Info, mgr,     Added driver for controller /dev/ttyACM0
2020-10-26 15:43:05.775 Info,   Opening controller /dev/ttyACM0
2020-10-26 15:43:05.775 Info, Trying to open serial port /dev/ttyACM0 (attempt 1)
2020-10-26 15:43:05.782 Info, Serial port /dev/ttyACM0 opened (attempt 1)
2020-10-26 15:43:05.783 Detail, contrlr, Queuing (Command) FUNC_ID_ZW_GET_VERSION: 0x01, 0x03, 0x00, 0x15, 0xe9
2020-10-26 15:43:05.783 Detail, contrlr, Queuing (Command) FUNC_ID_ZW_MEMORY_GET_ID: 0x01, 0x03, 0x00, 0x20, 0xdc
2020-10-26 15:43:05.783 Detail, contrlr, Queuing (Command) FUNC_ID_ZW_GET_CONTROLLER_CAPABILITIES: 0x01, 0x03, 0x00, 0x05, 0xf9
2020-10-26 15:43:05.783 Detail, contrlr, Queuing (Command) FUNC_ID_SERIAL_API_GET_CAPABILITIES: 0x01, 0x03, 0x00, 0x07, 0xfb
2020-10-26 15:43:05.783 Detail, contrlr, Queuing (Command) FUNC_ID_ZW_GET_SUC_NODE_ID: 0x01, 0x03, 0x00, 0x56, 0xaa
2020-10-26 15:43:05.783 Detail, 
2020-10-26 15:43:05.783 Info, contrlr, Sending (Command) message (Callback ID=0x00, Expected Reply=0x15) - FUNC_ID_ZW_GET_VERSION: 0x01, 0x03, 0x00, 0x15, 0xe9
2020-10-26 15:43:05.786 Detail, contrlr,   Received: 0x01, 0x10, 0x01, 0x15, 0x5a, 0x2d, 0x57, 0x61, 0x76, 0x65, 0x20, 0x34, 0x2e, 0x35, 0x34, 0x00, 0x01, 0x93
2020-10-26 15:43:05.786 Detail, 
2020-10-26 15:43:05.786 Info, contrlr, Received reply to FUNC_ID_ZW_GET_VERSION:
2020-10-26 15:43:05.786 Info, contrlr,     Static Controller library, version Z-Wave 4.54
2020-10-26 15:43:05.786 Detail, Node045,   Expected reply was received
2020-10-26 15:43:05.786 Detail, Node045,   Message transaction complete
2020-10-26 15:43:05.786 Detail, 
2020-10-26 15:43:05.786 Detail, contrlr, Removing current message
2020-10-26 15:43:05.786 Detail, 
2020-10-26 15:43:05.786 Info, contrlr, Sending (Command) message (Callback ID=0x00, Expected Reply=0x20) - FUNC_ID_ZW_MEMORY_GET_ID: 0x01, 0x03, 0x00, 0x20, 0xdc
2020-10-26 15:43:05.788 Detail, contrlr,   Received: 0x01, 0x08, 0x01, 0x20, 0xe4, 0xf6, 0xdb, 0xc9, 0x01, 0xd7
2020-10-26 15:43:05.788 Detail, 
2020-10-26 15:43:05.788 Info, contrlr, Received reply to FUNC_ID_ZW_MEMORY_GET_ID. Home ID = 0xe4f6dbc9.  Our node ID = 1
2020-10-26 15:43:05.788 Detail, Node246,   Expected reply was received
2020-10-26 15:43:05.788 Detail, Node246,   Message transaction complete
2020-10-26 15:43:05.788 Detail, 
2020-10-26 15:43:05.788 Detail, contrlr, Removing current message
2020-10-26 15:43:05.788 Detail, 
2020-10-26 15:43:05.788 Info, contrlr, Sending (Command) message (Callback ID=0x00, Expected Reply=0x05) - FUNC_ID_ZW_GET_CONTROLLER_CAPABILITIES: 0x01, 0x03, 0x00, 0x05, 0xf9
2020-10-26 15:43:05.789 Detail, contrlr,   Received: 0x01, 0x04, 0x01, 0x05, 0x08, 0xf7
2020-10-26 15:43:05.789 Detail, 
2020-10-26 15:43:05.789 Info, contrlr, Received reply to FUNC_ID_ZW_GET_CONTROLLER_CAPABILITIES:
2020-10-26 15:43:05.789 Info, contrlr,     There is no SUC ID Server (SIS) in this network.
2020-10-26 15:43:05.789 Info, contrlr,     The PC controller is a primary controller.
2020-10-26 15:43:05.789 Detail, Node247,   Expected reply was received
2020-10-26 15:43:05.790 Detail, Node247,   Message transaction complete
2020-10-26 15:43:05.790 Detail, 
2020-10-26 15:43:05.790 Detail, contrlr, Removing current message
2020-10-26 15:43:05.790 Detail, 
2020-10-26 15:43:05.790 Info, contrlr, Sending (Command) message (Callback ID=0x00, Expected Reply=0x07) - FUNC_ID_SERIAL_API_GET_CAPABILITIES: 0x01, 0x03, 0x00, 0x07, 0xfb
2020-10-26 15:43:05.793 Detail, contrlr,   Received: 0x01, 0x2b, 0x01, 0x07, 0x01, 0x01, 0x00, 0x86, 0x01, 0x01, 0x00, 0x5a, 0xfe, 0x81, 0xff, 0x88, 0x4f, 0x1f, 0x00, 0x00, 0xfb, 0x9f, 0x7d, 0xa0, 0x67, 0x00, 0x00, 0x80, 0x00, 0x80, 0x86, 0x00, 0x00, 0x00, 0xe8, 0x73, 0x00, 0x00, 0x0e, 0x00, 0x00, 0x60, 0x00, 0x00, 0xfb
2020-10-26 15:43:05.793 Detail, 
2020-10-26 15:43:05.793 Info, contrlr,  Received reply to FUNC_ID_SERIAL_API_GET_CAPABILITIES
2020-10-26 15:43:05.793 Info, contrlr,     Serial API Version:   1.1
2020-10-26 15:43:05.793 Info, contrlr,     Manufacturer ID:      0x0086
2020-10-26 15:43:05.793 Info, contrlr,     Product Type:         0x0101
2020-10-26 15:43:05.793 Info, contrlr,     Product ID:           0x005a
2020-10-26 15:43:05.794 Detail, contrlr, Queuing (Command) FUNC_ID_ZW_GET_RANDOM: 0x01, 0x04, 0x00, 0x1c, 0x20, 0xc7
2020-10-26 15:43:05.794 Detail, contrlr, Queuing (Command) FUNC_ID_SERIAL_API_GET_INIT_DATA: 0x01, 0x03, 0x00, 0x02, 0xfe
2020-10-26 15:43:05.794 Detail, contrlr, Queuing (Command) FUNC_ID_SERIAL_API_SET_TIMEOUTS: 0x01, 0x05, 0x00, 0x06, 0x64, 0x0f, 0x97
2020-10-26 15:43:05.794 Detail, contrlr, Queuing (Command) FUNC_ID_SERIAL_API_APPL_NODE_INFORMATION: 0x01, 0x07, 0x00, 0x03, 0x01, 0x02, 0x01, 0x00, 0xf9
2020-10-26 15:43:05.794 Detail, Node001,   Expected reply was received
2020-10-26 15:43:05.794 Detail, Node001,   Message transaction complete
2020-10-26 15:43:05.794 Detail, 
2020-10-26 15:43:05.794 Detail, contrlr, Removing current message
2020-10-26 15:43:05.794 Detail, 
2020-10-26 15:43:05.794 Info, contrlr, Sending (Command) message (Callback ID=0x00, Expected Reply=0x56) - FUNC_ID_ZW_GET_SUC_NODE_ID: 0x01, 0x03, 0x00, 0x56, 0xaa
2020-10-26 15:43:05.795 Detail, contrlr,   Received: 0x01, 0x04, 0x01, 0x56, 0x00, 0xac
2020-10-26 15:43:05.795 Detail, 
2020-10-26 15:43:05.795 Info, contrlr, Received reply to GET_SUC_NODE_ID.  Node ID = 0
2020-10-26 15:43:05.795 Info, Controller Does not Support SUC - Cannot Setup Controller as SUC Node
2020-10-26 15:43:05.795 Detail, Node172,   Expected reply was received
2020-10-26 15:43:05.795 Detail, Node172,   Message transaction complete
2020-10-26 15:43:05.795 Detail, 
2020-10-26 15:43:05.795 Detail, contrlr, Removing current message
2020-10-26 15:43:05.795 Detail, 
2020-10-26 15:43:05.795 Info, contrlr, Sending (Command) message (Callback ID=0x00, Expected Reply=0x1c) - FUNC_ID_ZW_GET_RANDOM: 0x01, 0x04, 0x00, 0x1c, 0x20, 0xc7
2020-10-26 15:43:05.852 Detail, contrlr,   Received: 0x01, 0x25, 0x01, 0x1c, 0x01, 0x20, 0xf2, 0xf8, 0xa2, 0xa8, 0x29, 0x66, 0xf7, 0x19, 0xa5, 0x2f, 0x5f, 0x5d, 0x7f, 0x53, 0xf2, 0xe7, 0x41, 0xe9, 0xf7, 0xeb, 0x8e, 0xd9, 0xb7, 0x5a, 0x09, 0x17, 0x78, 0xcb, 0x98, 0xb7, 0x63, 0x85, 0x9c
2020-10-26 15:43:05.852 Detail, 
2020-10-26 15:43:05.852 Info, contrlr, Received reply to FUNC_ID_ZW_GET_RANDOM: true
2020-10-26 15:43:05.852 Detail, Node032,   Expected reply was received
2020-10-26 15:43:05.852 Detail, Node032,   Message transaction complete
2020-10-26 15:43:05.852 Detail, 
2020-10-26 15:43:05.852 Detail, contrlr, Removing current message
2020-10-26 15:43:05.852 Detail, 
2020-10-26 15:43:05.852 Info, contrlr, Sending (Command) message (Callback ID=0x00, Expected Reply=0x02) - FUNC_ID_SERIAL_API_GET_INIT_DATA: 0x01, 0x03, 0x00, 0x02, 0xfe
2020-10-26 15:43:05.956 Detail, contrlr,   Received: 0x01, 0x25, 0x01, 0x02, 0x05, 0x00, 0x1d, 0x79, 0xfd, 0x0f, 0x00, 0x00, 0x00, 0x00, 0x00, 0x00, 0x00, 0x00, 0x00, 0x00, 0x00, 0x00, 0x00, 0x00, 0x00, 0x00, 0x00, 0x00, 0x00, 0x00, 0x00, 0x00, 0x00, 0x00, 0x00, 0x00, 0x05, 0x00, 0x4f
2020-10-26 15:43:05.956 Detail, 
2020-10-26 15:43:05.956 Info, mgr,     Driver with Home ID of 0xe4f6dbc9 is now ready.
2020-10-26 15:43:05.956 Info, 
2020-10-26 15:43:05.988 Detail, Node004, Queuing (Controller) Delete All Return Routes
2020-10-26 15:43:05.989 Detail, Node004, Queuing (Controller) Assign Return Route
2020-10-26 15:43:05.989 Info, Node005, CentralScene - Created 0
2020-10-26 15:43:05.989 Detail, Node005, Queuing (Controller) Delete All Return Routes
2020-10-26 15:43:05.989 Detail, Node005, Queuing (Controller) Assign Return Route
2020-10-26 15:43:05.989 Detail, Node006, Queuing (Controller) Delete All Return Routes
2020-10-26 15:43:05.989 Detail, Node006, Queuing (Controller) Assign Return Route
2020-10-26 15:43:05.990 Detail, Node007, Queuing (Controller) Delete All Return Routes
2020-10-26 15:43:05.990 Detail, Node007, Queuing (Controller) Assign Return Route
2020-10-26 15:43:05.991 Info, Node012, CentralScene - Created 0
2020-10-26 15:43:05.992 Detail, Node012, Queuing (Controller) Delete All Return Routes
2020-10-26 15:43:05.992 Detail, Node012, Queuing (Controller) Assign Return Route
2020-10-26 15:43:05.992 Info, Node013, CentralScene - Created 0
2020-10-26 15:43:05.992 Detail, Node013, Queuing (Controller) Delete All Return Routes
2020-10-26 15:43:05.992 Detail, Node013, Queuing (Controller) Assign Return Route
2020-10-26 15:43:05.992 Detail, Node014, Queuing (Controller) Delete All Return Routes
2020-10-26 15:43:05.992 Detail, Node014, Queuing (Controller) Assign Return Route
2020-10-26 15:43:05.993 Detail, Node015, Queuing (Controller) Delete All Return Routes
2020-10-26 15:43:05.993 Detail, Node015, Queuing (Controller) Assign Return Route
2020-10-26 15:43:05.994 Info, Node017, CentralScene - Created 0
2020-10-26 15:43:05.994 Detail, Node017, Queuing (Controller) Delete All Return Routes
2020-10-26 15:43:05.994 Detail, Node017, Queuing (Controller) Assign Return Route
2020-10-26 15:43:05.994 Info, Node018, CentralScene - Created 0
2020-10-26 15:43:05.995 Detail, Node018, Queuing (Controller) Delete All Return Routes
2020-10-26 15:43:05.995 Detail, Node018, Queuing (Controller) Assign Return Route
2020-10-26 15:43:05.996 Info, Node020, Value Refresh triggered by CommandClass: COMMAND_CLASS_ALARM, Genre: 1, Instance: 1, Index: 0 for:
2020-10-26 15:43:05.996 Info, Node020,     CommandClass: COMMAND_CLASS_DOOR_LOCK, RequestFlags: 0, Instance: 1, Index: 1
2020-10-26 15:43:05.996 Detail, Node020, Queuing (Controller) Delete All Return Routes
2020-10-26 15:43:05.996 Detail, Node020, Queuing (Controller) Assign Return Route
2020-10-26 15:43:06.000 Info, contrlr, Received reply to FUNC_ID_SERIAL_API_GET_INIT_DATA:
2020-10-26 15:43:06.000 Info, contrlr,     Node 001 - Known
2020-10-26 15:43:06.000 Detail, Node001, AdvanceQueries queryPending=0 queryRetries=0 queryStage=CacheLoad live=1
2020-10-26 15:43:06.000 Detail, Node001, QueryStage_CacheLoad
2020-10-26 15:43:06.000 Info, Node001, Node Identity Codes: 0086:0101:005a
2020-10-26 15:43:06.000 Detail, Node001, QueryStage_Associations
2020-10-26 15:43:06.000 Detail, Node001, QueryStage_Neighbors
2020-10-26 15:43:06.000 Detail, contrlr, Requesting routing info (neighbor list) for Node 1
2020-10-26 15:43:06.000 Detail, Node001, Queuing (Command) Get Routing Info (Node=1): 0x01, 0x07, 0x00, 0x80, 0x01, 0x00, 0x00, 0x03, 0x7a
2020-10-26 15:43:06.000 Detail, Node001, Queuing (Query) Query Stage Complete (Neighbors)
2020-10-26 15:43:06.000 Info, contrlr,     Node 004 - Known
2020-10-26 15:43:06.000 Detail, Node004, AdvanceQueries queryPending=0 queryRetries=0 queryStage=CacheLoad live=1
2020-10-26 15:43:06.000 Detail, Node004, QueryStage_CacheLoad
2020-10-26 15:43:06.000 Info, Node004, Node Identity Codes: 0063:4952:3036
2020-10-26 15:43:06.000 Info, Node004, NoOperation::Set - Routing=true
2020-10-26 15:43:06.000 Detail, Node004, Queuing (NoOp) NoOperation_Set (Node=4): 0x01, 0x09, 0x00, 0x13, 0x04, 0x02, 0x00, 0x00, 0x25, 0x0a, 0xcc
2020-10-26 15:43:06.000 Detail, Node004, Queuing (Query) Query Stage Complete (CacheLoad)
2020-10-26 15:43:06.000 Info, contrlr,     Node 005 - Known
2020-10-26 15:43:06.000 Detail, Node005, AdvanceQueries queryPending=0 queryRetries=0 queryStage=CacheLoad live=1
2020-10-26 15:43:06.000 Detail, Node005, QueryStage_CacheLoad
2020-10-26 15:43:06.000 Info, Node005, Node Identity Codes: 0063:4952:3135
2020-10-26 15:43:06.000 Info, Node005, NoOperation::Set - Routing=true
2020-10-26 15:43:06.000 Detail, Node005, Queuing (NoOp) NoOperation_Set (Node=5): 0x01, 0x09, 0x00, 0x13, 0x05, 0x02, 0x00, 0x00, 0x25, 0x0b, 0xcc
2020-10-26 15:43:06.000 Detail, Node005, Queuing (Query) Query Stage Complete (CacheLoad)
2020-10-26 15:43:06.000 Info, contrlr,     Node 006 - Known
2020-10-26 15:43:06.000 Detail, Node006, AdvanceQueries queryPending=0 queryRetries=0 queryStage=CacheLoad live=1
2020-10-26 15:43:06.000 Detail, Node006, QueryStage_CacheLoad
2020-10-26 15:43:06.000 Info, Node006, Node Identity Codes: 0063:4952:3036
2020-10-26 15:43:06.000 Info, Node006, NoOperation::Set - Routing=true
2020-10-26 15:43:06.000 Detail, Node006, Queuing (NoOp) NoOperation_Set (Node=6): 0x01, 0x09, 0x00, 0x13, 0x06, 0x02, 0x00, 0x00, 0x25, 0x0c, 0xc8
2020-10-26 15:43:06.001 Detail, Node006, Queuing (Query) Query Stage Complete (CacheLoad)
2020-10-26 15:43:06.001 Info, contrlr,     Node 007 - Known
2020-10-26 15:43:06.001 Detail, Node007, AdvanceQueries queryPending=0 queryRetries=0 queryStage=CacheLoad live=1
2020-10-26 15:43:06.001 Detail, Node007, QueryStage_CacheLoad
2020-10-26 15:43:06.001 Info, Node007, Node Identity Codes: 0063:4952:3133
2020-10-26 15:43:06.001 Info, Node007, NoOperation::Set - Routing=true
2020-10-26 15:43:06.001 Detail, Node007, Queuing (NoOp) NoOperation_Set (Node=7): 0x01, 0x09, 0x00, 0x13, 0x07, 0x02, 0x00, 0x00, 0x25, 0x0d, 0xc8
2020-10-26 15:43:06.001 Detail, Node007, Queuing (Query) Query Stage Complete (CacheLoad)
2020-10-26 15:43:06.001 Info, contrlr,     Node 009 - Known
2020-10-26 15:43:06.001 Detail, Node009, AdvanceQueries queryPending=0 queryRetries=0 queryStage=CacheLoad live=1
2020-10-26 15:43:06.001 Detail, Node009, QueryStage_CacheLoad
2020-10-26 15:43:06.001 Info, Node009, Node Identity Codes: 001d:3401:0001
2020-10-26 15:43:06.001 Info, Node009, NoOperation::Set - Routing=true
2020-10-26 15:43:06.001 Detail, Node009, Queuing (NoOp) NoOperation_Set (Node=9): 0x01, 0x09, 0x00, 0x13, 0x09, 0x02, 0x00, 0x00, 0x25, 0x0e, 0xc5
2020-10-26 15:43:06.001 Detail, Node009, Queuing (Query) Query Stage Complete (CacheLoad)
2020-10-26 15:43:06.001 Info, contrlr,     Node 011 - Known
2020-10-26 15:43:06.001 Detail, Node011, AdvanceQueries queryPending=0 queryRetries=0 queryStage=CacheLoad live=1
2020-10-26 15:43:06.001 Detail, Node011, QueryStage_CacheLoad
2020-10-26 15:43:06.001 Info, Node011, Node Identity Codes: 0086:0102:0064
2020-10-26 15:43:06.001 Info, Node011, NoOperation::Set - Routing=true
2020-10-26 15:43:06.001 Detail, Node011, Queuing (NoOp) NoOperation_Set (Node=11): 0x01, 0x09, 0x00, 0x13, 0x0b, 0x02, 0x00, 0x00, 0x25, 0x0f, 0xc6
2020-10-26 15:43:06.001 Detail, Node011, Queuing (Query) Query Stage Complete (CacheLoad)
2020-10-26 15:43:06.001 Info, contrlr,     Node 012 - Known
2020-10-26 15:43:06.001 Detail, Node012, AdvanceQueries queryPending=0 queryRetries=0 queryStage=CacheLoad live=1
2020-10-26 15:43:06.001 Detail, Node012, QueryStage_CacheLoad
2020-10-26 15:43:06.001 Info, Node012, Node Identity Codes: 0063:4952:3135
2020-10-26 15:43:06.001 Info, Node012, NoOperation::Set - Routing=true
2020-10-26 15:43:06.001 Detail, Node012, Queuing (NoOp) NoOperation_Set (Node=12): 0x01, 0x09, 0x00, 0x13, 0x0c, 0x02, 0x00, 0x00, 0x25, 0x10, 0xde
2020-10-26 15:43:06.001 Detail, Node012, Queuing (Query) Query Stage Complete (CacheLoad)
2020-10-26 15:43:06.001 Info, contrlr,     Node 013 - Known
2020-10-26 15:43:06.001 Detail, Node013, AdvanceQueries queryPending=0 queryRetries=0 queryStage=CacheLoad live=1
2020-10-26 15:43:06.001 Detail, Node013, QueryStage_CacheLoad
2020-10-26 15:43:06.001 Info, Node013, Node Identity Codes: 0063:4944:3235
2020-10-26 15:43:06.001 Info, Node013, NoOperation::Set - Routing=true
2020-10-26 15:43:06.001 Detail, Node013, Queuing (NoOp) NoOperation_Set (Node=13): 0x01, 0x09, 0x00, 0x13, 0x0d, 0x02, 0x00, 0x00, 0x25, 0x11, 0xde
2020-10-26 15:43:06.001 Detail, Node013, Queuing (Query) Query Stage Complete (CacheLoad)
2020-10-26 15:43:06.001 Info, contrlr,     Node 014 - Known
2020-10-26 15:43:06.001 Detail, Node014, AdvanceQueries queryPending=0 queryRetries=0 queryStage=CacheLoad live=1
2020-10-26 15:43:06.001 Detail, Node014, QueryStage_CacheLoad
2020-10-26 15:43:06.001 Info, Node014, Node Identity Codes: 0063:4952:3133
2020-10-26 15:43:06.001 Info, Node014, NoOperation::Set - Routing=true
2020-10-26 15:43:06.001 Detail, Node014, Queuing (NoOp) NoOperation_Set (Node=14): 0x01, 0x09, 0x00, 0x13, 0x0e, 0x02, 0x00, 0x00, 0x25, 0x12, 0xde
2020-10-26 15:43:06.002 Detail, Node014, Queuing (Query) Query Stage Complete (CacheLoad)
2020-10-26 15:43:06.002 Info, contrlr,     Node 015 - Known
2020-10-26 15:43:06.002 Detail, Node015, AdvanceQueries queryPending=0 queryRetries=0 queryStage=CacheLoad live=1
2020-10-26 15:43:06.002 Detail, Node015, QueryStage_CacheLoad
2020-10-26 15:43:06.002 Info, Node015, Node Identity Codes: 0063:4952:3133
2020-10-26 15:43:06.002 Info, Node015, NoOperation::Set - Routing=true
2020-10-26 15:43:06.002 Detail, Node015, Queuing (NoOp) NoOperation_Set (Node=15): 0x01, 0x09, 0x00, 0x13, 0x0f, 0x02, 0x00, 0x00, 0x25, 0x13, 0xde
2020-10-26 15:43:06.002 Detail, Node015, Queuing (Query) Query Stage Complete (CacheLoad)
2020-10-26 15:43:06.002 Info, contrlr,     Node 016 - Known
2020-10-26 15:43:06.002 Detail, Node016, AdvanceQueries queryPending=0 queryRetries=0 queryStage=CacheLoad live=1
2020-10-26 15:43:06.002 Detail, Node016, QueryStage_CacheLoad
2020-10-26 15:43:06.002 Info, Node016, Node Identity Codes: 0086:0102:0064
2020-10-26 15:43:06.002 Info, Node016, NoOperation::Set - Routing=true
2020-10-26 15:43:06.002 Detail, Node016, Queuing (NoOp) NoOperation_Set (Node=16): 0x01, 0x09, 0x00, 0x13, 0x10, 0x02, 0x00, 0x00, 0x25, 0x14, 0xc6
2020-10-26 15:43:06.002 Detail, Node016, Queuing (Query) Query Stage Complete (CacheLoad)
2020-10-26 15:43:06.002 Info, contrlr,     Node 017 - Known
2020-10-26 15:43:06.002 Detail, Node017, AdvanceQueries queryPending=0 queryRetries=0 queryStage=CacheLoad live=1
2020-10-26 15:43:06.002 Detail, Node017, QueryStage_CacheLoad
2020-10-26 15:43:06.002 Info, Node017, Node Identity Codes: 0063:4952:3135
2020-10-26 15:43:06.002 Info, Node017, NoOperation::Set - Routing=true
2020-10-26 15:43:06.002 Detail, Node017, Queuing (NoOp) NoOperation_Set (Node=17): 0x01, 0x09, 0x00, 0x13, 0x11, 0x02, 0x00, 0x00, 0x25, 0x15, 0xc6
2020-10-26 15:43:06.002 Detail, Node017, Queuing (Query) Query Stage Complete (CacheLoad)
2020-10-26 15:43:06.002 Info, contrlr,     Node 018 - Known
2020-10-26 15:43:06.002 Detail, Node018, AdvanceQueries queryPending=0 queryRetries=0 queryStage=CacheLoad live=1
2020-10-26 15:43:06.002 Detail, Node018, QueryStage_CacheLoad
2020-10-26 15:43:06.002 Info, Node018, Node Identity Codes: 0063:4952:3135
2020-10-26 15:43:06.002 Info, Node018, NoOperation::Set - Routing=true
2020-10-26 15:43:06.002 Detail, Node018, Queuing (NoOp) NoOperation_Set (Node=18): 0x01, 0x09, 0x00, 0x13, 0x12, 0x02, 0x00, 0x00, 0x25, 0x16, 0xc6
2020-10-26 15:43:06.002 Detail, Node018, Queuing (Query) Query Stage Complete (CacheLoad)
2020-10-26 15:43:06.002 Info, contrlr,     Node 019 - Known
2020-10-26 15:43:06.002 Detail, Node019, AdvanceQueries queryPending=0 queryRetries=0 queryStage=CacheLoad live=1
2020-10-26 15:43:06.002 Detail, Node019, QueryStage_CacheLoad
2020-10-26 15:43:06.002 Info, Node019, Node Identity Codes: 001d:3401:0001
2020-10-26 15:43:06.002 Info, Node019, NoOperation::Set - Routing=true
2020-10-26 15:43:06.002 Detail, Node019, Queuing (NoOp) NoOperation_Set (Node=19): 0x01, 0x09, 0x00, 0x13, 0x13, 0x02, 0x00, 0x00, 0x25, 0x17, 0xc6
2020-10-26 15:43:06.002 Detail, Node019, Queuing (Query) Query Stage Complete (CacheLoad)
2020-10-26 15:43:06.002 Info, contrlr,     Node 020 - Known
2020-10-26 15:43:06.002 Detail, Node020, AdvanceQueries queryPending=0 queryRetries=0 queryStage=CacheLoad live=1
2020-10-26 15:43:06.002 Detail, Node020, QueryStage_CacheLoad
2020-10-26 15:43:06.002 Info, Node020, Node Identity Codes: 0090:0003:0440
2020-10-26 15:43:06.002 Info, Node020, NoOperation::Set - Routing=true
2020-10-26 15:43:06.002 Detail, Node020, Queuing (NoOp) NoOperation_Set (Node=20): 0x01, 0x09, 0x00, 0x13, 0x14, 0x02, 0x00, 0x00, 0x25, 0x18, 0xce
2020-10-26 15:43:06.002 Detail, Node020, Queuing (Query) Query Stage Complete (CacheLoad)
2020-10-26 15:43:06.003 Detail,   Expected reply was received
2020-10-26 15:43:06.003 Detail,   Message transaction complete
2020-10-26 15:43:06.003 Detail, 
2020-10-26 15:43:06.003 Detail, contrlr, Removing current message
2020-10-26 15:43:06.003 Detail, Node001, Notification: DriverReady
2020-10-26 15:43:06.003 Detail, Node001, Notification: NodeAdded
2020-10-26 15:43:06.005 Detail, Node001, Notification: NodeProtocolInfo
2020-10-26 15:43:06.018 Detail, Node001, Notification: EssentialNodeQueriesComplete
2020-10-26 15:43:06.023 Detail, Node001, Notification: ValueAdded
2020-10-26 15:43:06.024 Detail, Node001, Notification: NodeNaming
2020-10-26 15:43:06.041 Detail, Node004, Notification: NodeAdded
2020-10-26 15:43:06.048 Detail, Node004, Notification: NodeProtocolInfo
2020-10-26 15:43:06.050 Detail, Node004, Notification: EssentialNodeQueriesComplete
2020-10-26 15:43:06.053 Detail, Node004, Notification: ValueAdded
2020-10-26 15:43:06.058 Detail, Node004, Notification: ValueAdded
2020-10-26 15:43:06.059 Detail, Node004, Notification: ValueAdded
2020-10-26 15:43:06.070 Detail, Node004, Notification: ValueAdded
2020-10-26 15:43:06.072 Detail, Node004, Notification: ValueAdded
2020-10-26 15:43:06.075 Detail, Node004, Notification: ValueAdded
2020-10-26 15:43:06.076 Detail, Node004, Notification: ValueAdded
2020-10-26 15:43:06.077 Detail, Node004, Notification: ValueAdded
2020-10-26 15:43:06.079 Detail, Node004, Notification: ValueAdded
2020-10-26 15:43:06.080 Detail, Node004, Notification: ValueAdded
2020-10-26 15:43:06.081 Detail, Node004, Notification: ValueAdded
2020-10-26 15:43:06.083 Detail, Node004, Notification: ValueAdded
2020-10-26 15:43:06.084 Detail, Node004, Notification: ValueAdded
2020-10-26 15:43:06.097 Detail, Node004, Notification: ValueAdded
2020-10-26 15:43:06.098 Detail, Node004, Notification: ValueAdded
2020-10-26 15:43:06.104 Detail, Node004, Notification: ValueAdded
2020-10-26 15:43:06.107 Detail, Node004, Notification: ValueAdded
2020-10-26 15:43:06.114 Detail, Node004, Notification: Group
2020-10-26 15:43:06.118 Detail, Node004, Notification: Group
2020-10-26 15:43:06.120 Detail, Node004, Notification: Group
2020-10-26 15:43:06.124 Detail, Node004, Notification: ValueAdded
2020-10-26 15:43:06.135 Detail, Node004, Notification: ValueAdded
2020-10-26 15:43:06.143 Detail, Node004, Notification: ValueAdded
2020-10-26 15:43:06.144 Detail, Node004, Notification: NodeNaming
2020-10-26 15:43:06.148 Detail, Node005, Notification: NodeAdded
2020-10-26 15:43:06.150 Detail, Node005, Notification: NodeProtocolInfo
2020-10-26 15:43:06.157 Detail, Node005, Notification: EssentialNodeQueriesComplete
2020-10-26 15:43:06.157 Detail, Node005, Notification: ValueAdded
2020-10-26 15:43:06.163 Detail, Node005, Notification: ValueAdded
2020-10-26 15:43:06.164 Detail, Node005, Notification: ValueAdded
2020-10-26 15:43:06.169 Detail, Node005, Notification: ValueAdded
2020-10-26 15:43:06.170 Detail, Node005, Notification: ValueAdded
2020-10-26 15:43:06.175 Detail, Node005, Notification: ValueAdded
2020-10-26 15:43:06.176 Detail, Node005, Notification: ValueAdded
2020-10-26 15:43:06.177 Detail, Node005, Notification: ValueAdded
2020-10-26 15:43:06.179 Detail, Node005, Notification: ValueAdded
2020-10-26 15:43:06.191 Detail, Node005, Notification: ValueAdded
2020-10-26 15:43:06.200 Detail, Node005, Notification: ValueAdded
2020-10-26 15:43:06.217 Detail, Node005, Notification: ValueAdded
2020-10-26 15:43:06.220 Detail, Node005, Notification: ValueAdded
2020-10-26 15:43:06.226 Detail, Node005, Notification: ValueAdded
2020-10-26 15:43:06.228 Detail, Node005, Notification: ValueAdded
2020-10-26 15:43:06.231 Detail, Node005, Notification: ValueAdded
2020-10-26 15:43:06.232 Detail, Node005, Notification: Group
2020-10-26 15:43:06.232 Detail, Node005, Notification: Group
2020-10-26 15:43:06.232 Detail, Node005, Notification: Group
2020-10-26 15:43:06.233 Detail, Node005, Notification: ValueAdded
2020-10-26 15:43:06.234 Detail, Node005, Notification: ValueAdded
2020-10-26 15:43:06.244 Detail, Node005, Notification: ValueAdded
2020-10-26 15:43:06.245 Detail, Node005, Notification: NodeNaming
2020-10-26 15:43:06.254 Detail, Node006, Notification: NodeAdded
2020-10-26 15:43:06.256 Detail, Node006, Notification: NodeProtocolInfo
2020-10-26 15:43:06.260 Detail, Node006, Notification: EssentialNodeQueriesComplete
2020-10-26 15:43:06.265 Detail, Node006, Notification: ValueAdded
2020-10-26 15:43:06.271 Detail, Node006, Notification: ValueAdded
2020-10-26 15:43:06.272 Detail, Node006, Notification: ValueAdded
2020-10-26 15:43:06.273 Detail, Node006, Notification: ValueAdded
2020-10-26 15:43:06.277 Detail, Node006, Notification: ValueAdded
2020-10-26 15:43:06.283 Detail, Node006, Notification: ValueAdded
2020-10-26 15:43:06.288 Detail, Node006, Notification: ValueAdded
2020-10-26 15:43:06.290 Detail, Node006, Notification: ValueAdded
2020-10-26 15:43:06.294 Detail, Node006, Notification: ValueAdded
2020-10-26 15:43:06.303 Detail, Node006, Notification: ValueAdded
2020-10-26 15:43:06.312 Detail, Node006, Notification: ValueAdded
2020-10-26 15:43:06.316 Detail, Node006, Notification: ValueAdded
2020-10-26 15:43:06.320 Detail, Node006, Notification: ValueAdded
2020-10-26 15:43:06.323 Detail, Node006, Notification: ValueAdded
2020-10-26 15:43:06.328 Detail, Node006, Notification: ValueAdded
2020-10-26 15:43:06.329 Detail, Node006, Notification: ValueAdded
2020-10-26 15:43:06.330 Detail, Node006, Notification: ValueAdded
2020-10-26 15:43:06.332 Detail, Node006, Notification: Group
2020-10-26 15:43:06.332 Detail, Node006, Notification: Group
2020-10-26 15:43:06.335 Detail, Node006, Notification: Group
2020-10-26 15:43:06.341 Detail, Node006, Notification: ValueAdded
2020-10-26 15:43:06.342 Detail, Node006, Notification: ValueAdded
2020-10-26 15:43:06.344 Detail, Node006, Notification: ValueAdded
2020-10-26 15:43:06.346 Detail, Node006, Notification: NodeNaming
2020-10-26 15:43:06.354 Detail, Node007, Notification: NodeAdded
2020-10-26 15:43:06.356 Detail, Node007, Notification: NodeProtocolInfo
2020-10-26 15:43:06.356 Detail, Node007, Notification: EssentialNodeQueriesComplete
2020-10-26 15:43:06.357 Detail, Node007, Notification: ValueAdded
2020-10-26 15:43:06.359 Detail, Node007, Notification: ValueAdded
2020-10-26 15:43:06.361 Detail, Node007, Notification: ValueAdded
2020-10-26 15:43:06.368 Detail, Node007, Notification: ValueAdded
2020-10-26 15:43:06.373 Detail, Node007, Notification: ValueAdded
2020-10-26 15:43:06.374 Detail, Node007, Notification: ValueAdded
2020-10-26 15:43:06.376 Detail, Node007, Notification: ValueAdded
2020-10-26 15:43:06.379 Detail, Node007, Notification: ValueAdded
2020-10-26 15:43:06.382 Detail, Node007, Notification: ValueAdded
2020-10-26 15:43:06.384 Detail, Node007, Notification: ValueAdded
2020-10-26 15:43:06.385 Detail, Node007, Notification: ValueAdded
2020-10-26 15:43:06.389 Detail, Node007, Notification: ValueAdded
2020-10-26 15:43:06.394 Detail, Node007, Notification: ValueAdded
2020-10-26 15:43:06.398 Detail, Node007, Notification: ValueAdded
2020-10-26 15:43:06.401 Detail, Node007, Notification: ValueAdded
2020-10-26 15:43:06.401 Detail, Node007, Notification: ValueAdded
2020-10-26 15:43:06.402 Detail, Node007, Notification: Group
2020-10-26 15:43:06.402 Detail, Node007, Notification: Group
2020-10-26 15:43:06.403 Detail, Node007, Notification: Group
2020-10-26 15:43:06.407 Detail, Node007, Notification: ValueAdded
2020-10-26 15:43:06.408 Detail, Node007, Notification: ValueAdded
2020-10-26 15:43:06.410 Detail, Node007, Notification: ValueAdded
2020-10-26 15:43:06.413 Detail, Node007, Notification: NodeNaming
2020-10-26 15:43:06.416 Detail, Node009, Notification: NodeAdded
2020-10-26 15:43:06.417 Detail, Node009, Notification: NodeProtocolInfo
2020-10-26 15:43:06.420 Detail, Node009, Notification: EssentialNodeQueriesComplete
2020-10-26 15:43:06.420 Detail, Node009, Notification: ValueAdded
2020-10-26 15:43:06.426 Detail, Node009, Notification: ValueAdded
2020-10-26 15:43:06.427 Detail, Node009, Notification: ValueAdded
2020-10-26 15:43:06.430 Detail, Node009, Notification: ValueAdded
2020-10-26 15:43:06.431 Detail, Node009, Notification: ValueAdded
2020-10-26 15:43:06.435 Detail, Node009, Notification: ValueAdded
2020-10-26 15:43:06.442 Detail, Node009, Notification: ValueAdded
2020-10-26 15:43:06.443 Detail, Node009, Notification: ValueAdded
2020-10-26 15:43:06.447 Detail, Node009, Notification: ValueAdded
2020-10-26 15:43:06.449 Detail, Node009, Notification: ValueAdded
2020-10-26 15:43:06.452 Detail, Node009, Notification: ValueAdded
2020-10-26 15:43:06.454 Detail, Node009, Notification: ValueAdded
2020-10-26 15:43:06.467 Detail, Node009, Notification: ValueAdded
2020-10-26 15:43:06.471 Detail, Node009, Notification: ValueAdded
2020-10-26 15:43:06.474 Detail, Node009, Notification: ValueAdded
2020-10-26 15:43:06.477 Detail, Node009, Notification: ValueAdded
2020-10-26 15:43:06.482 Detail, Node009, Notification: Group
2020-10-26 15:43:06.483 Detail, Node009, Notification: ValueAdded
2020-10-26 15:43:06.486 Detail, Node009, Notification: ValueAdded
2020-10-26 15:43:06.487 Detail, Node009, Notification: ValueAdded
2020-10-26 15:43:06.492 Detail, Node009, Notification: NodeNaming
2020-10-26 15:43:06.493 Detail, Node011, Notification: NodeAdded
2020-10-26 15:43:06.499 Detail, Node011, Notification: NodeProtocolInfo
2020-10-26 15:43:06.505 Detail, Node011, Notification: EssentialNodeQueriesComplete
2020-10-26 15:43:06.506 Detail, Node011, Notification: ValueAdded
2020-10-26 15:43:06.509 Detail, Node011, Notification: ValueAdded
2020-10-26 15:43:06.520 Detail, Node011, Notification: ValueAdded
2020-10-26 15:43:06.524 Detail, Node011, Notification: ValueAdded
2020-10-26 15:43:06.536 Detail, Node011, Notification: ValueAdded
2020-10-26 15:43:06.554 Detail, Node011, Notification: ValueAdded
2020-10-26 15:43:06.555 Detail, Node011, Notification: ValueAdded
2020-10-26 15:43:06.556 Detail, Node011, Notification: ValueAdded
2020-10-26 15:43:06.558 Detail, Node011, Notification: ValueAdded
2020-10-26 15:43:06.559 Detail, Node011, Notification: ValueAdded
2020-10-26 15:43:06.563 Detail, Node011, Notification: ValueAdded
2020-10-26 15:43:06.565 Detail, Node011, Notification: ValueAdded
2020-10-26 15:43:06.566 Detail, Node011, Notification: ValueAdded
2020-10-26 15:43:06.569 Detail, Node011, Notification: ValueAdded
2020-10-26 15:43:06.570 Detail, Node011, Notification: ValueAdded
2020-10-26 15:43:06.573 Detail, Node011, Notification: ValueAdded
2020-10-26 15:43:06.574 Detail, Node011, Notification: ValueAdded
2020-10-26 15:43:06.577 Detail, Node011, Notification: ValueAdded
2020-10-26 15:43:06.578 Detail, Node011, Notification: ValueAdded
2020-10-26 15:43:06.579 Detail, Node011, Notification: ValueAdded
2020-10-26 15:43:06.582 Detail, Node011, Notification: ValueAdded
2020-10-26 15:43:06.590 Detail, Node011, Notification: ValueAdded
2020-10-26 15:43:06.596 Detail, Node011, Notification: ValueAdded
2020-10-26 15:43:06.609 Detail, Node011, Notification: ValueAdded
2020-10-26 15:43:06.618 Detail, Node011, Notification: ValueAdded
2020-10-26 15:43:06.619 Detail, Node011, Notification: ValueAdded
2020-10-26 15:43:06.633 Detail, Node011, Notification: ValueAdded
2020-10-26 15:43:06.637 Detail, Node011, Notification: ValueAdded
2020-10-26 15:43:06.642 Detail, Node011, Notification: ValueAdded
2020-10-26 15:43:06.644 Detail, Node011, Notification: ValueAdded
2020-10-26 15:43:06.645 Detail, Node011, Notification: ValueAdded
2020-10-26 15:43:06.654 Detail, Node011, Notification: ValueAdded
2020-10-26 15:43:06.655 Detail, Node011, Notification: ValueAdded
2020-10-26 15:43:06.658 Detail, Node011, Notification: ValueAdded
2020-10-26 15:43:06.662 Detail, Node011, Notification: ValueAdded
2020-10-26 15:43:06.666 Detail, Node011, Notification: ValueAdded
2020-10-26 15:43:06.669 Detail, Node011, Notification: ValueAdded
2020-10-26 15:43:06.679 Detail, Node011, Notification: ValueAdded
2020-10-26 15:43:06.680 Detail, Node011, Notification: ValueAdded
2020-10-26 15:43:06.684 Detail, Node011, Notification: ValueAdded
2020-10-26 15:43:06.689 Detail, Node011, Notification: ValueAdded
2020-10-26 15:43:06.708 Detail, Node011, Notification: ValueAdded
2020-10-26 15:43:06.726 Detail, Node011, Notification: ValueAdded
2020-10-26 15:43:06.730 Detail, Node011, Notification: ValueAdded
2020-10-26 15:43:06.733 Detail, Node011, Notification: ValueAdded
2020-10-26 15:43:06.737 Detail, Node011, Notification: ValueAdded
2020-10-26 15:43:06.740 Detail, Node011, Notification: ValueAdded
2020-10-26 15:43:06.742 Detail, Node011, Notification: ValueAdded
2020-10-26 15:43:06.743 Detail, Node011, Notification: ValueAdded
2020-10-26 15:43:06.747 Detail, Node011, Notification: ValueAdded
2020-10-26 15:43:06.749 Detail, Node011, Notification: ValueAdded
2020-10-26 15:43:06.750 Detail, Node011, Notification: ValueAdded
2020-10-26 15:43:06.752 Detail, Node011, Notification: ValueAdded
2020-10-26 15:43:06.768 Detail, Node011, Notification: ValueAdded
2020-10-26 15:43:06.773 Detail, Node011, Notification: ValueAdded
2020-10-26 15:43:06.789 Detail, Node011, Notification: ValueAdded
2020-10-26 15:43:06.795 Detail, Node011, Notification: ValueAdded
2020-10-26 15:43:06.799 Detail, Node011, Notification: ValueAdded
2020-10-26 15:43:06.802 Detail, Node011, Notification: ValueAdded
2020-10-26 15:43:06.803 Detail, Node011, Notification: ValueAdded
2020-10-26 15:43:06.806 Detail, Node011, Notification: ValueAdded
2020-10-26 15:43:06.810 Detail, Node011, Notification: ValueAdded
2020-10-26 15:43:06.811 Detail, Node011, Notification: ValueAdded
2020-10-26 15:43:06.813 Detail, Node011, Notification: ValueAdded
2020-10-26 15:43:06.814 Detail, Node011, Notification: ValueAdded
2020-10-26 15:43:06.818 Detail, Node011, Notification: ValueAdded
2020-10-26 15:43:06.819 Detail, Node011, Notification: ValueAdded
2020-10-26 15:43:06.826 Detail, Node011, Notification: ValueAdded
2020-10-26 15:43:06.827 Detail, Node011, Notification: ValueAdded
2020-10-26 15:43:06.835 Detail, Node011, Notification: ValueAdded
2020-10-26 15:43:06.837 Detail, Node011, Notification: ValueAdded
2020-10-26 15:43:06.838 Detail, Node011, Notification: ValueAdded
2020-10-26 15:43:06.840 Detail, Node011, Notification: Group
2020-10-26 15:43:06.843 Detail, Node011, Notification: ValueAdded
2020-10-26 15:43:06.845 Detail, Node011, Notification: ValueAdded
2020-10-26 15:43:06.846 Detail, Node011, Notification: ValueAdded
2020-10-26 15:43:06.847 Detail, Node011, Notification: NodeNaming
2020-10-26 15:43:06.855 Detail, Node012, Notification: NodeAdded
2020-10-26 15:43:06.863 Detail, Node012, Notification: NodeProtocolInfo
2020-10-26 15:43:06.863 Detail, Node012, Notification: EssentialNodeQueriesComplete
2020-10-26 15:43:06.864 Detail, Node012, Notification: ValueAdded
2020-10-26 15:43:06.866 Detail, Node012, Notification: ValueAdded
2020-10-26 15:43:06.867 Detail, Node012, Notification: ValueAdded
2020-10-26 15:43:06.868 Detail, Node012, Notification: ValueAdded
2020-10-26 15:43:06.869 Detail, Node012, Notification: ValueAdded
2020-10-26 15:43:06.870 Detail, Node012, Notification: ValueAdded
2020-10-26 15:43:06.876 Detail, Node012, Notification: ValueAdded
2020-10-26 15:43:06.877 Detail, Node012, Notification: ValueAdded
2020-10-26 15:43:06.878 Detail, Node012, Notification: ValueAdded
2020-10-26 15:43:06.879 Detail, Node012, Notification: ValueAdded
2020-10-26 15:43:06.886 Detail, Node012, Notification: ValueAdded
2020-10-26 15:43:06.887 Detail, Node012, Notification: ValueAdded
2020-10-26 15:43:06.887 Detail, Node012, Notification: ValueAdded
2020-10-26 15:43:06.892 Detail, Node012, Notification: ValueAdded
2020-10-26 15:43:06.893 Detail, Node012, Notification: ValueAdded
2020-10-26 15:43:06.893 Detail, Node012, Notification: ValueAdded
2020-10-26 15:43:06.894 Detail, Node012, Notification: ValueAdded
2020-10-26 15:43:06.895 Detail, Node012, Notification: ValueAdded
2020-10-26 15:43:06.898 Detail, Node012, Notification: Group
2020-10-26 15:43:06.898 Detail, Node012, Notification: Group
2020-10-26 15:43:06.899 Detail, Node012, Notification: Group
2020-10-26 15:43:06.900 Detail, Node012, Notification: ValueAdded
2020-10-26 15:43:06.903 Detail, Node012, Notification: ValueAdded
2020-10-26 15:43:06.904 Detail, Node012, Notification: ValueAdded
2020-10-26 15:43:06.905 Detail, Node012, Notification: NodeNaming
2020-10-26 15:43:06.911 Detail, Node013, Notification: NodeAdded
2020-10-26 15:43:06.912 Detail, Node013, Notification: NodeProtocolInfo
2020-10-26 15:43:06.914 Detail, Node013, Notification: EssentialNodeQueriesComplete
2020-10-26 15:43:06.917 Detail, Node013, Notification: ValueAdded
2020-10-26 15:43:06.920 Detail, Node013, Notification: ValueAdded
2020-10-26 15:43:06.922 Detail, Node013, Notification: ValueAdded
2020-10-26 15:43:06.925 Detail, Node013, Notification: ValueAdded
2020-10-26 15:43:06.926 Detail, Node013, Notification: ValueAdded
2020-10-26 15:43:06.932 Detail, Node013, Notification: ValueAdded
2020-10-26 15:43:06.934 Detail, Node013, Notification: ValueAdded
2020-10-26 15:43:06.935 Detail, Node013, Notification: ValueAdded
2020-10-26 15:43:06.937 Detail, Node013, Notification: ValueAdded
2020-10-26 15:43:06.938 Detail, Node013, Notification: ValueAdded
2020-10-26 15:43:06.939 Detail, Node013, Notification: ValueAdded
2020-10-26 15:43:06.941 Detail, Node013, Notification: ValueAdded
2020-10-26 15:43:06.943 Detail, Node013, Notification: ValueAdded
2020-10-26 15:43:06.948 Detail, Node013, Notification: ValueAdded
2020-10-26 15:43:06.949 Detail, Node013, Notification: ValueAdded
2020-10-26 15:43:06.951 Detail, Node013, Notification: ValueAdded
2020-10-26 15:43:06.953 Detail, Node013, Notification: ValueAdded
2020-10-26 15:43:06.955 Detail, Node013, Notification: ValueAdded
2020-10-26 15:43:06.956 Detail, Node013, Notification: ValueAdded
2020-10-26 15:43:06.958 Detail, Node013, Notification: ValueAdded
2020-10-26 15:43:06.959 Detail, Node013, Notification: Group
2020-10-26 15:43:06.965 Detail, Node013, Notification: Group
2020-10-26 15:43:06.966 Detail, Node013, Notification: Group
2020-10-26 15:43:06.966 Detail, Node013, Notification: ValueAdded
2020-10-26 15:43:06.967 Detail, Node013, Notification: ValueAdded
2020-10-26 15:43:06.968 Detail, Node013, Notification: ValueAdded
2020-10-26 15:43:06.969 Detail, Node013, Notification: NodeNaming
2020-10-26 15:43:06.970 Detail, Node014, Notification: NodeAdded
2020-10-26 15:43:06.971 Detail, Node014, Notification: NodeProtocolInfo
2020-10-26 15:43:06.972 Detail, Node014, Notification: EssentialNodeQueriesComplete
2020-10-26 15:43:06.973 Detail, Node014, Notification: ValueAdded
2020-10-26 15:43:06.980 Detail, Node014, Notification: ValueAdded
2020-10-26 15:43:06.986 Detail, Node014, Notification: ValueAdded
2020-10-26 15:43:06.990 Detail, Node014, Notification: ValueAdded
2020-10-26 15:43:06.997 Detail, Node014, Notification: ValueAdded
2020-10-26 15:43:07.003 Detail, Node014, Notification: ValueAdded
2020-10-26 15:43:07.023 Detail, Node014, Notification: ValueAdded
2020-10-26 15:43:07.361 Detail, Node014, Notification: ValueAdded
2020-10-26 15:43:07.367 Detail, Node014, Notification: ValueAdded
2020-10-26 15:43:07.373 Detail, Node014, Notification: ValueAdded
2020-10-26 15:43:07.379 Detail, Node014, Notification: ValueAdded
2020-10-26 15:43:07.403 Detail, Node014, Notification: ValueAdded
2020-10-26 15:43:07.432 Detail, Node014, Notification: ValueAdded
2020-10-26 15:43:07.439 Detail, Node014, Notification: ValueAdded
2020-10-26 15:43:07.445 Detail, Node014, Notification: ValueAdded
2020-10-26 15:43:07.456 Detail, Node014, Notification: ValueAdded
2020-10-26 15:43:07.459 Detail, Node014, Notification: Group
2020-10-26 15:43:07.465 Detail, Node014, Notification: Group
2020-10-26 15:43:07.470 Detail, Node014, Notification: Group
2020-10-26 15:43:07.475 Detail, Node014, Notification: ValueAdded
2020-10-26 15:43:07.481 Detail, Node014, Notification: ValueAdded
2020-10-26 15:43:07.488 Detail, Node014, Notification: ValueAdded
