2020-05-04 08:59:09.128 Always, OpenZwave Version 1.4.3469 Starting Up
2020-05-04 08:59:24.456 Info, Setting Up Provided Network Key for Secure Communications
2020-05-04 08:59:24.456 Info, mgr,     Added driver for controller /dev/ttyACM0
2020-05-04 08:59:24.457 Info,   Opening controller /dev/ttyACM0
2020-05-04 08:59:24.457 Info, Trying to open serial port /dev/ttyACM0 (attempt 1)
2020-05-04 08:59:24.463 Info, Serial port /dev/ttyACM0 opened (attempt 1)
2020-05-04 08:59:24.464 Detail, contrlr, Queuing (Command) FUNC_ID_ZW_GET_VERSION: 0x01, 0x03, 0x00, 0x15, 0xe9
2020-05-04 08:59:24.464 Detail, contrlr, Queuing (Command) FUNC_ID_ZW_MEMORY_GET_ID: 0x01, 0x03, 0x00, 0x20, 0xdc
2020-05-04 08:59:24.464 Detail, contrlr, Queuing (Command) FUNC_ID_ZW_GET_CONTROLLER_CAPABILITIES: 0x01, 0x03, 0x00, 0x05, 0xf9
2020-05-04 08:59:24.464 Detail, contrlr, Queuing (Command) FUNC_ID_SERIAL_API_GET_CAPABILITIES: 0x01, 0x03, 0x00, 0x07, 0xfb
2020-05-04 08:59:24.464 Detail, contrlr, Queuing (Command) FUNC_ID_ZW_GET_SUC_NODE_ID: 0x01, 0x03, 0x00, 0x56, 0xaa
2020-05-04 08:59:24.464 Detail, 
2020-05-04 08:59:24.464 Info, contrlr, Sending (Command) message (Callback ID=0x00, Expected Reply=0x15) - FUNC_ID_ZW_GET_VERSION: 0x01, 0x03, 0x00, 0x15, 0xe9
2020-05-04 08:59:24.470 Detail, contrlr,   Received: 0x01, 0x10, 0x01, 0x15, 0x5a, 0x2d, 0x57, 0x61, 0x76, 0x65, 0x20, 0x34, 0x2e, 0x35, 0x34, 0x00, 0x01, 0x93
2020-05-04 08:59:24.470 Detail, 
2020-05-04 08:59:24.470 Info, contrlr, Received reply to FUNC_ID_ZW_GET_VERSION:
2020-05-04 08:59:24.470 Info, contrlr,     Static Controller library, version Z-Wave 4.54
2020-05-04 08:59:24.470 Detail, Node045,   Expected reply was received
2020-05-04 08:59:24.470 Detail, Node045,   Message transaction complete
2020-05-04 08:59:24.470 Detail, 
2020-05-04 08:59:24.470 Detail, contrlr, Removing current message
2020-05-04 08:59:24.471 Detail, 
2020-05-04 08:59:24.471 Info, contrlr, Sending (Command) message (Callback ID=0x00, Expected Reply=0x20) - FUNC_ID_ZW_MEMORY_GET_ID: 0x01, 0x03, 0x00, 0x20, 0xdc
2020-05-04 08:59:24.473 Detail, contrlr,   Received: 0x01, 0x08, 0x01, 0x20, 0xe4, 0xf6, 0xdb, 0xc9, 0x01, 0xd7
2020-05-04 08:59:24.473 Detail, 
2020-05-04 08:59:24.473 Info, contrlr, Received reply to FUNC_ID_ZW_MEMORY_GET_ID. Home ID = 0xe4f6dbc9.  Our node ID = 1
2020-05-04 08:59:24.473 Detail, Node246,   Expected reply was received
2020-05-04 08:59:24.473 Detail, Node246,   Message transaction complete
2020-05-04 08:59:24.473 Detail, 
2020-05-04 08:59:24.473 Detail, contrlr, Removing current message
2020-05-04 08:59:24.473 Detail, 
2020-05-04 08:59:24.473 Info, contrlr, Sending (Command) message (Callback ID=0x00, Expected Reply=0x05) - FUNC_ID_ZW_GET_CONTROLLER_CAPABILITIES: 0x01, 0x03, 0x00, 0x05, 0xf9
2020-05-04 08:59:24.474 Detail, contrlr,   Received: 0x01, 0x04, 0x01, 0x05, 0x08, 0xf7
2020-05-04 08:59:24.474 Detail, 
2020-05-04 08:59:24.474 Info, contrlr, Received reply to FUNC_ID_ZW_GET_CONTROLLER_CAPABILITIES:
2020-05-04 08:59:24.474 Info, contrlr,     There is no SUC ID Server (SIS) in this network.
2020-05-04 08:59:24.474 Info, contrlr,     The PC controller is a primary controller.
2020-05-04 08:59:24.474 Detail, Node247,   Expected reply was received
2020-05-04 08:59:24.474 Detail, Node247,   Message transaction complete
2020-05-04 08:59:24.474 Detail, 
2020-05-04 08:59:24.474 Detail, contrlr, Removing current message
2020-05-04 08:59:24.474 Detail, 
2020-05-04 08:59:24.475 Info, contrlr, Sending (Command) message (Callback ID=0x00, Expected Reply=0x07) - FUNC_ID_SERIAL_API_GET_CAPABILITIES: 0x01, 0x03, 0x00, 0x07, 0xfb
2020-05-04 08:59:24.478 Detail, contrlr,   Received: 0x01, 0x2b, 0x01, 0x07, 0x01, 0x01, 0x00, 0x86, 0x01, 0x01, 0x00, 0x5a, 0xfe, 0x81, 0xff, 0x88, 0x4f, 0x1f, 0x00, 0x00, 0xfb, 0x9f, 0x7d, 0xa0, 0x67, 0x00, 0x00, 0x80, 0x00, 0x80, 0x86, 0x00, 0x00, 0x00, 0xe8, 0x73, 0x00, 0x00, 0x0e, 0x00, 0x00, 0x60, 0x00, 0x00, 0xfb
2020-05-04 08:59:24.478 Detail, 
2020-05-04 08:59:24.478 Info, contrlr,  Received reply to FUNC_ID_SERIAL_API_GET_CAPABILITIES
2020-05-04 08:59:24.478 Info, contrlr,     Serial API Version:   1.1
2020-05-04 08:59:24.478 Info, contrlr,     Manufacturer ID:      0x0086
2020-05-04 08:59:24.478 Info, contrlr,     Product Type:         0x0101
2020-05-04 08:59:24.478 Info, contrlr,     Product ID:           0x005a
2020-05-04 08:59:24.478 Detail, contrlr, Queuing (Command) FUNC_ID_ZW_GET_RANDOM: 0x01, 0x04, 0x00, 0x1c, 0x20, 0xc7
2020-05-04 08:59:24.478 Detail, contrlr, Queuing (Command) FUNC_ID_SERIAL_API_GET_INIT_DATA: 0x01, 0x03, 0x00, 0x02, 0xfe
2020-05-04 08:59:24.479 Detail, contrlr, Queuing (Command) FUNC_ID_SERIAL_API_SET_TIMEOUTS: 0x01, 0x05, 0x00, 0x06, 0x64, 0x0f, 0x97
2020-05-04 08:59:24.479 Detail, contrlr, Queuing (Command) FUNC_ID_SERIAL_API_APPL_NODE_INFORMATION: 0x01, 0x07, 0x00, 0x03, 0x01, 0x02, 0x01, 0x00, 0xf9
2020-05-04 08:59:24.479 Detail, Node001,   Expected reply was received
2020-05-04 08:59:24.479 Detail, Node001,   Message transaction complete
2020-05-04 08:59:24.479 Detail, 
2020-05-04 08:59:24.479 Detail, contrlr, Removing current message
2020-05-04 08:59:24.479 Detail, 
2020-05-04 08:59:24.479 Info, contrlr, Sending (Command) message (Callback ID=0x00, Expected Reply=0x56) - FUNC_ID_ZW_GET_SUC_NODE_ID: 0x01, 0x03, 0x00, 0x56, 0xaa
2020-05-04 08:59:24.480 Detail, contrlr,   Received: 0x01, 0x04, 0x01, 0x56, 0x00, 0xac
2020-05-04 08:59:24.480 Detail, 
2020-05-04 08:59:24.480 Info, contrlr, Received reply to GET_SUC_NODE_ID.  Node ID = 0
2020-05-04 08:59:24.480 Info, Controller Does not Support SUC - Cannot Setup Controller as SUC Node
2020-05-04 08:59:24.480 Detail, Node172,   Expected reply was received
2020-05-04 08:59:24.480 Detail, Node172,   Message transaction complete
2020-05-04 08:59:24.481 Detail, 
2020-05-04 08:59:24.481 Detail, contrlr, Removing current message
2020-05-04 08:59:24.481 Detail, 
2020-05-04 08:59:24.481 Info, contrlr, Sending (Command) message (Callback ID=0x00, Expected Reply=0x1c) - FUNC_ID_ZW_GET_RANDOM: 0x01, 0x04, 0x00, 0x1c, 0x20, 0xc7
2020-05-04 08:59:24.537 Detail, contrlr,   Received: 0x01, 0x25, 0x01, 0x1c, 0x01, 0x20, 0x29, 0xee, 0x03, 0x8f, 0xa0, 0x6a, 0x72, 0x18, 0x67, 0xdf, 0xfa, 0x49, 0x22, 0x78, 0x61, 0xab, 0x30, 0x11, 0xa9, 0xa9, 0xe5, 0x21, 0x7c, 0x57, 0x0d, 0x39, 0x48, 0x30, 0x03, 0x19, 0x13, 0x2b, 0x36
2020-05-04 08:59:24.537 Detail, 
2020-05-04 08:59:24.537 Info, contrlr, Received reply to FUNC_ID_ZW_GET_RANDOM: true
2020-05-04 08:59:24.537 Detail, Node032,   Expected reply was received
2020-05-04 08:59:24.537 Detail, Node032,   Message transaction complete
2020-05-04 08:59:24.538 Detail, 
2020-05-04 08:59:24.538 Detail, contrlr, Removing current message
2020-05-04 08:59:24.538 Detail, 
2020-05-04 08:59:24.538 Info, contrlr, Sending (Command) message (Callback ID=0x00, Expected Reply=0x02) - FUNC_ID_SERIAL_API_GET_INIT_DATA: 0x01, 0x03, 0x00, 0x02, 0xfe
2020-05-04 08:59:24.641 Detail, contrlr,   Received: 0x01, 0x25, 0x01, 0x02, 0x05, 0x00, 0x1d, 0x79, 0x07, 0x00, 0x00, 0x00, 0x00, 0x00, 0x00, 0x00, 0x00, 0x00, 0x00, 0x00, 0x00, 0x00, 0x00, 0x00, 0x00, 0x00, 0x00, 0x00, 0x00, 0x00, 0x00, 0x00, 0x00, 0x00, 0x00, 0x00, 0x05, 0x00, 0xba
2020-05-04 08:59:24.641 Detail, 
2020-05-04 08:59:24.642 Info, mgr,     Driver with Home ID of 0xe4f6dbc9 is now ready.
2020-05-04 08:59:24.642 Info, 
2020-05-04 08:59:24.665 Detail, Node004, Queuing (Controller) Delete All Return Routes
2020-05-04 08:59:24.665 Detail, Node004, Queuing (Controller) Assign Return Route
2020-05-04 08:59:24.665 Info, Node005, CentralScene - Created 0
2020-05-04 08:59:24.665 Detail, Node005, Queuing (Controller) Delete All Return Routes
2020-05-04 08:59:24.665 Detail, Node005, Queuing (Controller) Assign Return Route
2020-05-04 08:59:24.666 Detail, Node006, Queuing (Controller) Delete All Return Routes
2020-05-04 08:59:24.666 Detail, Node006, Queuing (Controller) Assign Return Route
2020-05-04 08:59:24.666 Detail, Node007, Queuing (Controller) Delete All Return Routes
2020-05-04 08:59:24.666 Detail, Node007, Queuing (Controller) Assign Return Route
2020-05-04 08:59:24.668 Info, Node010, Value Refresh triggered by CommandClass: COMMAND_CLASS_ALARM, Genre: 1, Instance: 1, Index: 0 for:
2020-05-04 08:59:24.668 Info, Node010,     CommandClass: COMMAND_CLASS_DOOR_LOCK, RequestFlags: 0, Instance: 1, Index: 1
2020-05-04 08:59:24.673 Info, contrlr, Received reply to FUNC_ID_SERIAL_API_GET_INIT_DATA:
2020-05-04 08:59:24.673 Info, contrlr,     Node 001 - Known
2020-05-04 08:59:24.673 Detail, Node001, AdvanceQueries queryPending=0 queryRetries=0 queryStage=CacheLoad live=1
2020-05-04 08:59:24.673 Detail, Node001, QueryStage_CacheLoad
2020-05-04 08:59:24.673 Info, Node001, Node Identity Codes: 0086:0101:005a
2020-05-04 08:59:24.673 Detail, Node001, QueryStage_Associations
2020-05-04 08:59:24.673 Detail, Node001, QueryStage_Neighbors
2020-05-04 08:59:24.674 Detail, contrlr, Requesting routing info (neighbor list) for Node 1
2020-05-04 08:59:24.674 Detail, Node001, Queuing (Command) Get Routing Info (Node=1): 0x01, 0x07, 0x00, 0x80, 0x01, 0x00, 0x00, 0x03, 0x7a
2020-05-04 08:59:24.674 Detail, Node001, Queuing (Query) Query Stage Complete (Neighbors)
2020-05-04 08:59:24.674 Info, contrlr,     Node 004 - Known
2020-05-04 08:59:24.674 Detail, Node004, AdvanceQueries queryPending=0 queryRetries=0 queryStage=CacheLoad live=1
2020-05-04 08:59:24.674 Detail, Node004, QueryStage_CacheLoad
2020-05-04 08:59:24.674 Info, Node004, Node Identity Codes: 0063:4952:3036
2020-05-04 08:59:24.674 Info, Node004, NoOperation::Set - Routing=true
2020-05-04 08:59:24.674 Detail, Node004, Queuing (NoOp) NoOperation_Set (Node=4): 0x01, 0x09, 0x00, 0x13, 0x04, 0x02, 0x00, 0x00, 0x25, 0x0a, 0xcc
2020-05-04 08:59:24.674 Detail, Node004, Queuing (Query) Query Stage Complete (CacheLoad)
2020-05-04 08:59:24.674 Info, contrlr,     Node 005 - Known
2020-05-04 08:59:24.674 Detail, Node005, AdvanceQueries queryPending=0 queryRetries=0 queryStage=CacheLoad live=1
2020-05-04 08:59:24.674 Detail, Node005, QueryStage_CacheLoad
2020-05-04 08:59:24.674 Info, Node005, Node Identity Codes: 0063:4952:3135
2020-05-04 08:59:24.674 Info, Node005, NoOperation::Set - Routing=true
2020-05-04 08:59:24.674 Detail, Node005, Queuing (NoOp) NoOperation_Set (Node=5): 0x01, 0x09, 0x00, 0x13, 0x05, 0x02, 0x00, 0x00, 0x25, 0x0b, 0xcc
2020-05-04 08:59:24.674 Detail, Node005, Queuing (Query) Query Stage Complete (CacheLoad)
2020-05-04 08:59:24.674 Info, contrlr,     Node 006 - Known
2020-05-04 08:59:24.674 Detail, Node006, AdvanceQueries queryPending=0 queryRetries=0 queryStage=CacheLoad live=1
2020-05-04 08:59:24.674 Detail, Node006, QueryStage_CacheLoad
2020-05-04 08:59:24.674 Info, Node006, Node Identity Codes: 0063:4952:3036
2020-05-04 08:59:24.674 Info, Node006, NoOperation::Set - Routing=true
2020-05-04 08:59:24.674 Detail, Node006, Queuing (NoOp) NoOperation_Set (Node=6): 0x01, 0x09, 0x00, 0x13, 0x06, 0x02, 0x00, 0x00, 0x25, 0x0c, 0xc8
2020-05-04 08:59:24.674 Detail, Node006, Queuing (Query) Query Stage Complete (CacheLoad)
2020-05-04 08:59:24.674 Info, contrlr,     Node 007 - Known
2020-05-04 08:59:24.674 Detail, Node007, AdvanceQueries queryPending=0 queryRetries=0 queryStage=CacheLoad live=1
2020-05-04 08:59:24.674 Detail, Node007, QueryStage_CacheLoad
2020-05-04 08:59:24.674 Info, Node007, Node Identity Codes: 0063:4952:3133
2020-05-04 08:59:24.674 Info, Node007, NoOperation::Set - Routing=true
2020-05-04 08:59:24.674 Detail, Node007, Queuing (NoOp) NoOperation_Set (Node=7): 0x01, 0x09, 0x00, 0x13, 0x07, 0x02, 0x00, 0x00, 0x25, 0x0d, 0xc8
2020-05-04 08:59:24.674 Detail, Node007, Queuing (Query) Query Stage Complete (CacheLoad)
2020-05-04 08:59:24.674 Info, contrlr,     Node 009 - Known
2020-05-04 08:59:24.674 Detail, Node009, AdvanceQueries queryPending=0 queryRetries=0 queryStage=CacheLoad live=1
2020-05-04 08:59:24.674 Detail, Node009, QueryStage_CacheLoad
2020-05-04 08:59:24.674 Info, Node009, Node Identity Codes: 001d:3401:0001
2020-05-04 08:59:24.675 Info, Node009, NoOperation::Set - Routing=true
2020-05-04 08:59:24.675 Detail, Node009, Queuing (NoOp) NoOperation_Set (Node=9): 0x01, 0x09, 0x00, 0x13, 0x09, 0x02, 0x00, 0x00, 0x25, 0x0e, 0xc5
2020-05-04 08:59:24.675 Detail, Node009, Queuing (Query) Query Stage Complete (CacheLoad)
2020-05-04 08:59:24.675 Info, contrlr,     Node 010 - Known
2020-05-04 08:59:24.675 Detail, Node010, AdvanceQueries queryPending=0 queryRetries=0 queryStage=CacheLoad live=1
2020-05-04 08:59:24.675 Detail, Node010, QueryStage_CacheLoad
2020-05-04 08:59:24.675 Info, Node010, Node Identity Codes: 0090:0001:0001
2020-05-04 08:59:24.675 Info, Node010, NoOperation::Set - Routing=true
2020-05-04 08:59:24.675 Detail, Node010, Queuing (NoOp) NoOperation_Set (Node=10): 0x01, 0x09, 0x00, 0x13, 0x0a, 0x02, 0x00, 0x00, 0x25, 0x0f, 0xc7
2020-05-04 08:59:24.675 Detail, Node010, Queuing (Query) Query Stage Complete (CacheLoad)
2020-05-04 08:59:24.675 Info, contrlr,     Node 011 - Known
2020-05-04 08:59:24.675 Detail, Node011, AdvanceQueries queryPending=0 queryRetries=0 queryStage=CacheLoad live=1
2020-05-04 08:59:24.675 Detail, Node011, QueryStage_CacheLoad
2020-05-04 08:59:24.675 Info, Node011, Node Identity Codes: 0086:0102:0064
2020-05-04 08:59:24.675 Info, Node011, NoOperation::Set - Routing=true
2020-05-04 08:59:24.675 Detail, Node011, Queuing (NoOp) NoOperation_Set (Node=11): 0x01, 0x09, 0x00, 0x13, 0x0b, 0x02, 0x00, 0x00, 0x25, 0x10, 0xd9
2020-05-04 08:59:24.675 Detail, Node011, Queuing (Query) Query Stage Complete (CacheLoad)
2020-05-04 08:59:24.675 Detail,   Expected reply was received
2020-05-04 08:59:24.675 Detail,   Message transaction complete
2020-05-04 08:59:24.675 Detail, 
2020-05-04 08:59:24.675 Detail, contrlr, Removing current message
2020-05-04 08:59:24.675 Detail, Node001, Notification: DriverReady
2020-05-04 08:59:24.680 Detail, Node001, Notification: NodeAdded
2020-05-04 08:59:24.682 Detail, Node001, Notification: NodeProtocolInfo
2020-05-04 08:59:24.685 Detail, Node001, Notification: EssentialNodeQueriesComplete
2020-05-04 08:59:24.686 Detail, Node001, Notification: ValueAdded
2020-05-04 08:59:24.689 Detail, Node001, Notification: NodeNaming
2020-05-04 08:59:24.690 Detail, Node004, Notification: NodeAdded
2020-05-04 08:59:24.699 Detail, Node004, Notification: NodeProtocolInfo
2020-05-04 08:59:24.699 Detail, Node004, Notification: EssentialNodeQueriesComplete
2020-05-04 08:59:24.699 Detail, Node004, Notification: ValueAdded
2020-05-04 08:59:24.701 Detail, Node004, Notification: ValueAdded
2020-05-04 08:59:24.704 Detail, Node004, Notification: ValueAdded
2020-05-04 08:59:24.704 Detail, Node004, Notification: ValueAdded
2020-05-04 08:59:24.707 Detail, Node004, Notification: ValueAdded
2020-05-04 08:59:24.708 Detail, Node004, Notification: ValueAdded
2020-05-04 08:59:24.709 Detail, Node004, Notification: ValueAdded
2020-05-04 08:59:24.712 Detail, Node004, Notification: ValueAdded
2020-05-04 08:59:24.712 Detail, Node004, Notification: ValueAdded
2020-05-04 08:59:24.713 Detail, Node004, Notification: ValueAdded
2020-05-04 08:59:24.715 Detail, Node004, Notification: ValueAdded
2020-05-04 08:59:24.718 Detail, Node004, Notification: ValueAdded
2020-05-04 08:59:24.718 Detail, Node004, Notification: ValueAdded
2020-05-04 08:59:24.719 Detail, Node004, Notification: ValueAdded
2020-05-04 08:59:24.722 Detail, Node004, Notification: ValueAdded
2020-05-04 08:59:24.723 Detail, Node004, Notification: ValueAdded
2020-05-04 08:59:24.724 Detail, Node004, Notification: ValueAdded
2020-05-04 08:59:24.727 Detail, Node004, Notification: Group
2020-05-04 08:59:24.730 Detail, Node004, Notification: Group
2020-05-04 08:59:24.731 Detail, Node004, Notification: Group
2020-05-04 08:59:24.731 Detail, Node004, Notification: ValueAdded
2020-05-04 08:59:24.734 Detail, Node004, Notification: ValueAdded
2020-05-04 08:59:24.741 Detail, Node004, Notification: ValueAdded
2020-05-04 08:59:24.742 Detail, Node004, Notification: NodeNaming
2020-05-04 08:59:24.746 Detail, Node005, Notification: NodeAdded
2020-05-04 08:59:24.771 Detail, Node005, Notification: NodeProtocolInfo
2020-05-04 08:59:24.772 Detail, Node005, Notification: EssentialNodeQueriesComplete
2020-05-04 08:59:24.772 Detail, Node005, Notification: ValueAdded
2020-05-04 08:59:24.789 Detail, Node005, Notification: ValueAdded
2020-05-04 08:59:24.793 Detail, Node005, Notification: ValueAdded
2020-05-04 08:59:24.796 Detail, Node005, Notification: ValueAdded
2020-05-04 08:59:24.799 Detail, Node005, Notification: ValueAdded
2020-05-04 08:59:24.805 Detail, Node005, Notification: ValueAdded
2020-05-04 08:59:24.807 Detail, Node005, Notification: ValueAdded
2020-05-04 08:59:24.811 Detail, Node005, Notification: ValueAdded
2020-05-04 08:59:24.814 Detail, Node005, Notification: ValueAdded
2020-05-04 08:59:24.818 Detail, Node005, Notification: ValueAdded
2020-05-04 08:59:24.821 Detail, Node005, Notification: ValueAdded
2020-05-04 08:59:24.822 Detail, Node005, Notification: ValueAdded
2020-05-04 08:59:24.826 Detail, Node005, Notification: ValueAdded
2020-05-04 08:59:24.827 Detail, Node005, Notification: ValueAdded
2020-05-04 08:59:24.830 Detail, Node005, Notification: ValueAdded
2020-05-04 08:59:24.831 Detail, Node005, Notification: ValueAdded
2020-05-04 08:59:24.832 Detail, Node005, Notification: Group
2020-05-04 08:59:24.838 Detail, Node005, Notification: Group
2020-05-04 08:59:24.838 Detail, Node005, Notification: Group
2020-05-04 08:59:24.838 Detail, Node005, Notification: ValueAdded
2020-05-04 08:59:24.839 Detail, Node005, Notification: ValueAdded
2020-05-04 08:59:24.843 Detail, Node005, Notification: ValueAdded
2020-05-04 08:59:24.845 Detail, Node005, Notification: NodeNaming
2020-05-04 08:59:24.853 Detail, Node006, Notification: NodeAdded
2020-05-04 08:59:24.857 Detail, Node006, Notification: NodeProtocolInfo
2020-05-04 08:59:24.857 Detail, Node006, Notification: EssentialNodeQueriesComplete
2020-05-04 08:59:24.870 Detail, Node006, Notification: ValueAdded
2020-05-04 08:59:24.876 Detail, Node006, Notification: ValueAdded
2020-05-04 08:59:24.877 Detail, Node006, Notification: ValueAdded
2020-05-04 08:59:24.878 Detail, Node006, Notification: ValueAdded
2020-05-04 08:59:24.879 Detail, Node006, Notification: ValueAdded
2020-05-04 08:59:24.881 Detail, Node006, Notification: ValueAdded
2020-05-04 08:59:24.883 Detail, Node006, Notification: ValueAdded
2020-05-04 08:59:24.885 Detail, Node006, Notification: ValueAdded
2020-05-04 08:59:24.888 Detail, Node006, Notification: ValueAdded
2020-05-04 08:59:24.893 Detail, Node006, Notification: ValueAdded
2020-05-04 08:59:24.907 Detail, Node006, Notification: ValueAdded
2020-05-04 08:59:24.908 Detail, Node006, Notification: ValueAdded
2020-05-04 08:59:24.909 Detail, Node006, Notification: ValueAdded
2020-05-04 08:59:24.910 Detail, Node006, Notification: ValueAdded
2020-05-04 08:59:24.911 Detail, Node006, Notification: ValueAdded
2020-05-04 08:59:24.915 Detail, Node006, Notification: ValueAdded
2020-05-04 08:59:24.922 Detail, Node006, Notification: ValueAdded
2020-05-04 08:59:24.922 Detail, Node006, Notification: Group
2020-05-04 08:59:24.923 Detail, Node006, Notification: Group
2020-05-04 08:59:24.923 Detail, Node006, Notification: Group
2020-05-04 08:59:24.925 Detail, Node006, Notification: ValueAdded
2020-05-04 08:59:24.928 Detail, Node006, Notification: ValueAdded
2020-05-04 08:59:24.946 Detail, Node006, Notification: ValueAdded
2020-05-04 08:59:24.954 Detail, Node006, Notification: NodeNaming
2020-05-04 08:59:24.958 Detail, Node007, Notification: NodeAdded
2020-05-04 08:59:24.963 Detail, Node007, Notification: NodeProtocolInfo
2020-05-04 08:59:24.968 Detail, Node007, Notification: EssentialNodeQueriesComplete
2020-05-04 08:59:24.971 Detail, Node007, Notification: ValueAdded
2020-05-04 08:59:24.978 Detail, Node007, Notification: ValueAdded
2020-05-04 08:59:24.981 Detail, Node007, Notification: ValueAdded
2020-05-04 08:59:24.983 Detail, Node007, Notification: ValueAdded
2020-05-04 08:59:24.988 Detail, Node007, Notification: ValueAdded
2020-05-04 08:59:24.989 Detail, Node007, Notification: ValueAdded
2020-05-04 08:59:24.990 Detail, Node007, Notification: ValueAdded
2020-05-04 08:59:24.994 Detail, Node007, Notification: ValueAdded
2020-05-04 08:59:24.996 Detail, Node007, Notification: ValueAdded
2020-05-04 08:59:24.997 Detail, Node007, Notification: ValueAdded
2020-05-04 08:59:24.998 Detail, Node007, Notification: ValueAdded
2020-05-04 08:59:25.001 Detail, Node007, Notification: ValueAdded
2020-05-04 08:59:25.012 Detail, Node007, Notification: ValueAdded
2020-05-04 08:59:25.022 Detail, Node007, Notification: ValueAdded
2020-05-04 08:59:25.023 Detail, Node007, Notification: ValueAdded
2020-05-04 08:59:25.025 Detail, Node007, Notification: ValueAdded
2020-05-04 08:59:25.029 Detail, Node007, Notification: Group
2020-05-04 08:59:25.031 Detail, Node007, Notification: Group
2020-05-04 08:59:25.035 Detail, Node007, Notification: Group
2020-05-04 08:59:25.036 Detail, Node007, Notification: ValueAdded
2020-05-04 08:59:25.037 Detail, Node007, Notification: ValueAdded
2020-05-04 08:59:25.040 Detail, Node007, Notification: ValueAdded
2020-05-04 08:59:25.047 Detail, Node007, Notification: NodeNaming
2020-05-04 08:59:25.052 Detail, Node009, Notification: NodeAdded
2020-05-04 08:59:25.055 Detail, Node009, Notification: NodeProtocolInfo
2020-05-04 08:59:25.056 Detail, Node009, Notification: EssentialNodeQueriesComplete
2020-05-04 08:59:25.065 Detail, Node009, Notification: ValueAdded
2020-05-04 08:59:25.072 Detail, Node009, Notification: ValueAdded
2020-05-04 08:59:25.080 Detail, Node009, Notification: ValueAdded
2020-05-04 08:59:25.084 Detail, Node009, Notification: ValueAdded
2020-05-04 08:59:25.086 Detail, Node009, Notification: ValueAdded
2020-05-04 08:59:25.089 Detail, Node009, Notification: ValueAdded
2020-05-04 08:59:25.093 Detail, Node009, Notification: ValueAdded
2020-05-04 08:59:25.103 Detail, Node009, Notification: ValueAdded
2020-05-04 08:59:25.106 Detail, Node009, Notification: ValueAdded
2020-05-04 08:59:25.115 Detail, Node009, Notification: ValueAdded
2020-05-04 08:59:25.118 Detail, Node009, Notification: ValueAdded
2020-05-04 08:59:25.119 Detail, Node009, Notification: ValueAdded
2020-05-04 08:59:25.121 Detail, Node009, Notification: ValueAdded
2020-05-04 08:59:25.124 Detail, Node009, Notification: ValueAdded
2020-05-04 08:59:25.128 Detail, Node009, Notification: ValueAdded
2020-05-04 08:59:25.128 Detail, Node009, Notification: ValueAdded
2020-05-04 08:59:25.132 Detail, Node009, Notification: Group
2020-05-04 08:59:25.134 Detail, Node009, Notification: ValueAdded
2020-05-04 08:59:25.135 Detail, Node009, Notification: ValueAdded
2020-05-04 08:59:25.138 Detail, Node009, Notification: ValueAdded
2020-05-04 08:59:25.141 Detail, Node009, Notification: NodeNaming
2020-05-04 08:59:25.147 Detail, Node010, Notification: NodeAdded
2020-05-04 08:59:25.150 Detail, Node010, Notification: NodeProtocolInfo
2020-05-04 08:59:25.150 Detail, Node010, Notification: EssentialNodeQueriesComplete
2020-05-04 08:59:25.151 Detail, Node010, Notification: ValueAdded
2020-05-04 08:59:25.151 Detail, Node010, Notification: ValueAdded
2020-05-04 08:59:25.152 Detail, Node010, Notification: ValueAdded
2020-05-04 08:59:25.153 Detail, Node010, Notification: ValueAdded
2020-05-04 08:59:25.157 Detail, Node010, Notification: ValueAdded
2020-05-04 08:59:25.163 Detail, Node010, Notification: ValueAdded
2020-05-04 08:59:25.164 Detail, Node010, Notification: ValueAdded
2020-05-04 08:59:25.165 Detail, Node010, Notification: ValueAdded
2020-05-04 08:59:25.166 Detail, Node010, Notification: ValueAdded
2020-05-04 08:59:25.167 Detail, Node010, Notification: ValueAdded
2020-05-04 08:59:25.168 Detail, Node010, Notification: ValueAdded
2020-05-04 08:59:25.169 Detail, Node010, Notification: ValueAdded
2020-05-04 08:59:25.170 Detail, Node010, Notification: ValueAdded
2020-05-04 08:59:25.171 Detail, Node010, Notification: ValueAdded
2020-05-04 08:59:25.172 Detail, Node010, Notification: ValueAdded
2020-05-04 08:59:25.173 Detail, Node010, Notification: ValueAdded
2020-05-04 08:59:25.174 Detail, Node010, Notification: ValueAdded
2020-05-04 08:59:25.175 Detail, Node010, Notification: ValueAdded
2020-05-04 08:59:25.176 Detail, Node010, Notification: ValueAdded
2020-05-04 08:59:25.177 Detail, Node010, Notification: ValueAdded
2020-05-04 08:59:25.178 Detail, Node010, Notification: ValueAdded
2020-05-04 08:59:25.179 Detail, Node010, Notification: ValueAdded
2020-05-04 08:59:25.180 Detail, Node010, Notification: ValueAdded
2020-05-04 08:59:25.181 Detail, Node010, Notification: ValueAdded
2020-05-04 08:59:25.183 Detail, Node010, Notification: ValueAdded
2020-05-04 08:59:25.183 Detail, Node010, Notification: ValueAdded
2020-05-04 08:59:25.184 Detail, Node010, Notification: ValueAdded
2020-05-04 08:59:25.185 Detail, Node010, Notification: ValueAdded
2020-05-04 08:59:25.186 Detail, Node010, Notification: ValueAdded
2020-05-04 08:59:25.186 Detail, Node010, Notification: ValueAdded
2020-05-04 08:59:25.187 Detail, Node010, Notification: ValueAdded
2020-05-04 08:59:25.188 Detail, Node010, Notification: ValueAdded
2020-05-04 08:59:25.188 Detail, Node010, Notification: ValueAdded
2020-05-04 08:59:25.189 Detail, Node010, Notification: ValueAdded
2020-05-04 08:59:25.190 Detail, Node010, Notification: ValueAdded
2020-05-04 08:59:25.190 Detail, Node010, Notification: ValueAdded
2020-05-04 08:59:25.191 Detail, Node010, Notification: ValueAdded
2020-05-04 08:59:25.192 Detail, Node010, Notification: ValueAdded
2020-05-04 08:59:25.192 Detail, Node010, Notification: ValueAdded
2020-05-04 08:59:25.193 Detail, Node010, Notification: ValueAdded
2020-05-04 08:59:25.194 Detail, Node010, Notification: ValueAdded
2020-05-04 08:59:25.194 Detail, Node010, Notification: ValueAdded
2020-05-04 08:59:25.195 Detail, Node010, Notification: ValueAdded
2020-05-04 08:59:25.196 Detail, Node010, Notification: ValueAdded
2020-05-04 08:59:25.196 Detail, Node010, Notification: ValueAdded
2020-05-04 08:59:25.197 Detail, Node010, Notification: ValueAdded
2020-05-04 08:59:25.198 Detail, Node010, Notification: ValueAdded
2020-05-04 08:59:25.198 Detail, Node010, Notification: ValueAdded
2020-05-04 08:59:25.199 Detail, Node010, Notification: ValueAdded
2020-05-04 08:59:25.200 Detail, Node010, Notification: ValueAdded
2020-05-04 08:59:25.200 Detail, Node010, Notification: ValueAdded
2020-05-04 08:59:25.201 Detail, Node010, Notification: ValueAdded
2020-05-04 08:59:25.202 Detail, Node010, Notification: ValueAdded
2020-05-04 08:59:25.203 Detail, Node010, Notification: ValueAdded
2020-05-04 08:59:25.204 Detail, Node010, Notification: ValueAdded
2020-05-04 08:59:25.204 Detail, Node010, Notification: ValueAdded
2020-05-04 08:59:25.205 Detail, Node010, Notification: ValueAdded
2020-05-04 08:59:25.206 Detail, Node010, Notification: ValueAdded
2020-05-04 08:59:25.206 Detail, Node010, Notification: ValueAdded
2020-05-04 08:59:25.209 Detail, Node010, Notification: ValueAdded
2020-05-04 08:59:25.210 Detail, Node010, Notification: ValueAdded
2020-05-04 08:59:25.210 Detail, Node010, Notification: ValueAdded
2020-05-04 08:59:25.211 Detail, Node010, Notification: ValueAdded
2020-05-04 08:59:25.212 Detail, Node010, Notification: ValueAdded
2020-05-04 08:59:25.212 Detail, Node010, Notification: ValueAdded
2020-05-04 08:59:25.213 Detail, Node010, Notification: ValueAdded
2020-05-04 08:59:25.214 Detail, Node010, Notification: ValueAdded
2020-05-04 08:59:25.215 Detail, Node010, Notification: ValueAdded
2020-05-04 08:59:25.215 Detail, Node010, Notification: ValueAdded
2020-05-04 08:59:25.216 Detail, Node010, Notification: ValueAdded
2020-05-04 08:59:25.217 Detail, Node010, Notification: ValueAdded
2020-05-04 08:59:25.217 Detail, Node010, Notification: ValueAdded
2020-05-04 08:59:25.218 Detail, Node010, Notification: ValueAdded
2020-05-04 08:59:25.219 Detail, Node010, Notification: ValueAdded
2020-05-04 08:59:25.219 Detail, Node010, Notification: ValueAdded
2020-05-04 08:59:25.220 Detail, Node010, Notification: ValueAdded
2020-05-04 08:59:25.221 Detail, Node010, Notification: ValueAdded
2020-05-04 08:59:25.226 Detail, Node010, Notification: ValueAdded
2020-05-04 08:59:25.234 Detail, Node010, Notification: ValueAdded
2020-05-04 08:59:25.235 Detail, Node010, Notification: ValueAdded
2020-05-04 08:59:25.241 Detail, Node010, Notification: Group
2020-05-04 08:59:25.242 Detail, Node010, Notification: ValueAdded
2020-05-04 08:59:25.245 Detail, Node010, Notification: ValueAdded
2020-05-04 08:59:25.245 Detail, Node010, Notification: ValueAdded
2020-05-04 08:59:25.246 Detail, Node010, Notification: ValueAdded
2020-05-04 08:59:25.247 Detail, Node010, Notification: ValueAdded
2020-05-04 08:59:25.248 Detail, Node010, Notification: ValueAdded
2020-05-04 08:59:25.249 Detail, Node010, Notification: ValueAdded
2020-05-04 08:59:25.250 Detail, Node010, Notification: ValueAdded
2020-05-04 08:59:25.251 Detail, Node010, Notification: NodeNaming
2020-05-04 08:59:25.252 Detail, Node011, Notification: NodeAdded
2020-05-04 08:59:25.254 Detail, Node011, Notification: NodeProtocolInfo
2020-05-04 08:59:25.256 Detail, Node011, Notification: EssentialNodeQueriesComplete
2020-05-04 08:59:25.258 Detail, Node011, Notification: ValueAdded
2020-05-04 08:59:25.265 Detail, Node011, Notification: ValueAdded
2020-05-04 08:59:25.279 Detail, Node011, Notification: ValueAdded
2020-05-04 08:59:25.285 Detail, Node011, Notification: ValueAdded
2020-05-04 08:59:25.299 Detail, Node011, Notification: ValueAdded
2020-05-04 08:59:25.305 Detail, Node011, Notification: ValueAdded
2020-05-04 08:59:25.307 Detail, Node011, Notification: ValueAdded
2020-05-04 08:59:25.311 Detail, Node011, Notification: ValueAdded
2020-05-04 08:59:25.319 Detail, Node011, Notification: ValueAdded
2020-05-04 08:59:25.323 Detail, Node011, Notification: ValueAdded
2020-05-04 08:59:25.327 Detail, Node011, Notification: ValueAdded
2020-05-04 08:59:25.329 Detail, Node011, Notification: ValueAdded
2020-05-04 08:59:25.331 Detail, Node011, Notification: ValueAdded
2020-05-04 08:59:25.332 Detail, Node011, Notification: ValueAdded
2020-05-04 08:59:25.336 Detail, Node011, Notification: ValueAdded
2020-05-04 08:59:25.338 Detail, Node011, Notification: ValueAdded
2020-05-04 08:59:25.343 Detail, Node011, Notification: ValueAdded
2020-05-04 08:59:25.345 Detail, Node011, Notification: ValueAdded
2020-05-04 08:59:25.346 Detail, Node011, Notification: ValueAdded
2020-05-04 08:59:25.351 Detail, Node011, Notification: ValueAdded
2020-05-04 08:59:25.353 Detail, Node011, Notification: ValueAdded
2020-05-04 08:59:25.354 Detail, Node011, Notification: ValueAdded
2020-05-04 08:59:25.358 Detail, Node011, Notification: ValueAdded
2020-05-04 08:59:25.366 Detail, Node011, Notification: ValueAdded
2020-05-04 08:59:25.369 Detail, Node011, Notification: ValueAdded
2020-05-04 08:59:25.373 Detail, Node011, Notification: ValueAdded
2020-05-04 08:59:25.377 Detail, Node011, Notification: ValueAdded
2020-05-04 08:59:25.380 Detail, Node011, Notification: ValueAdded
2020-05-04 08:59:25.384 Detail, Node011, Notification: ValueAdded
2020-05-04 08:59:25.388 Detail, Node011, Notification: ValueAdded
2020-05-04 08:59:25.389 Detail, Node011, Notification: ValueAdded
2020-05-04 08:59:25.392 Detail, Node011, Notification: ValueAdded
2020-05-04 08:59:25.396 Detail, Node011, Notification: ValueAdded
2020-05-04 08:59:25.400 Detail, Node011, Notification: ValueAdded
2020-05-04 08:59:25.403 Detail, Node011, Notification: ValueAdded
2020-05-04 08:59:25.404 Detail, Node011, Notification: ValueAdded
2020-05-04 08:59:25.408 Detail, Node011, Notification: ValueAdded
2020-05-04 08:59:25.412 Detail, Node011, Notification: ValueAdded
2020-05-04 08:59:25.413 Detail, Node011, Notification: ValueAdded
2020-05-04 08:59:25.419 Detail, Node011, Notification: ValueAdded
2020-05-04 08:59:25.423 Detail, Node011, Notification: ValueAdded
2020-05-04 08:59:25.428 Detail, Node011, Notification: ValueAdded
2020-05-04 08:59:25.432 Detail, Node011, Notification: ValueAdded
2020-05-04 08:59:25.435 Detail, Node011, Notification: ValueAdded
2020-05-04 08:59:25.439 Detail, Node011, Notification: ValueAdded
2020-05-04 08:59:25.441 Detail, Node011, Notification: ValueAdded
2020-05-04 08:59:25.447 Detail, Node011, Notification: ValueAdded
2020-05-04 08:59:25.448 Detail, Node011, Notification: ValueAdded
2020-05-04 08:59:25.451 Detail, Node011, Notification: ValueAdded
2020-05-04 08:59:25.453 Detail, Node011, Notification: ValueAdded
2020-05-04 08:59:25.455 Detail, Node011, Notification: ValueAdded
2020-05-04 08:59:25.459 Detail, Node011, Notification: ValueAdded
2020-05-04 08:59:25.461 Detail, Node011, Notification: ValueAdded
2020-05-04 08:59:25.478 Detail, Node011, Notification: ValueAdded
2020-05-04 08:59:25.487 Detail, Node011, Notification: ValueAdded
2020-05-04 08:59:25.500 Detail, Node011, Notification: ValueAdded
2020-05-04 08:59:25.519 Detail, Node011, Notification: ValueAdded
2020-05-04 08:59:25.523 Detail, Node011, Notification: ValueAdded
2020-05-04 08:59:25.525 Detail, Node011, Notification: ValueAdded
2020-05-04 08:59:25.528 Detail, Node011, Notification: ValueAdded
2020-05-04 08:59:25.529 Detail, Node011, Notification: ValueAdded
2020-05-04 08:59:25.530 Detail, Node011, Notification: ValueAdded
2020-05-04 08:59:25.531 Detail, Node011, Notification: ValueAdded
2020-05-04 08:59:25.534 Detail, Node011, Notification: ValueAdded
2020-05-04 08:59:25.537 Detail, Node011, Notification: ValueAdded
2020-05-04 08:59:25.539 Detail, Node011, Notification: ValueAdded
2020-05-04 08:59:25.540 Detail, Node011, Notification: ValueAdded
2020-05-04 08:59:25.548 Detail, Node011, Notification: ValueAdded
2020-05-04 08:59:25.553 Detail, Node011, Notification: ValueAdded
2020-05-04 08:59:25.555 Detail, Node011, Notification: ValueAdded
2020-05-04 08:59:25.559 Detail, Node011, Notification: ValueAdded
2020-05-04 08:59:25.563 Detail, Node011, Notification: ValueAdded
2020-05-04 08:59:25.567 Detail, Node011, Notification: Group
2020-05-04 08:59:25.568 Detail, Node011, Notification: ValueAdded
2020-05-04 08:59:25.570 Detail, Node011, Notification: ValueAdded
2020-05-04 08:59:25.574 Detail, Node011, Notification: ValueAdded
2020-05-04 08:59:25.578 Detail, Node011, Notification: NodeNaming
2020-05-04 08:59:25.583 Detail, 
2020-05-04 08:59:25.583 Info, contrlr, Sending (Command) message (Callback ID=0x00, Expected Reply=0x06) - FUNC_ID_SERIAL_API_SET_TIMEOUTS: 0x01, 0x05, 0x00, 0x06, 0x64, 0x0f, 0x97
2020-05-04 08:59:25.585 Detail, contrlr,   Received: 0x01, 0x05, 0x01, 0x06, 0x96, 0x0f, 0x64
2020-05-04 08:59:25.585 Detail, 
2020-05-04 08:59:25.585 Info, contrlr, Received reply to FUNC_ID_SERIAL_API_SET_TIMEOUTS
2020-05-04 08:59:25.585 Detail, Node015,   Expected reply was received
2020-05-04 08:59:25.585 Detail, Node015,   Message transaction complete
2020-05-04 08:59:25.585 Detail, 
2020-05-04 08:59:25.585 Detail, contrlr, Removing current message
2020-05-04 08:59:25.585 Detail, 
2020-05-04 08:59:25.585 Info, contrlr, Sending (Command) message (Callback ID=0x00, Expected Reply=0x00) - FUNC_ID_SERIAL_API_APPL_NODE_INFORMATION: 0x01, 0x07, 0x00, 0x03, 0x01, 0x02, 0x01, 0x00, 0xf9
2020-05-04 08:59:25.586 Detail, contrlr, Removing current message
2020-05-04 08:59:25.586 Detail, 
2020-05-04 08:59:25.586 Info, Node001, Sending (Command) message (Callback ID=0x00, Expected Reply=0x80) - Get Routing Info (Node=1): 0x01, 0x07, 0x00, 0x80, 0x01, 0x00, 0x00, 0x03, 0x7a
2020-05-04 08:59:25.591 Detail, Node001,   Received: 0x01, 0x20, 0x01, 0x80, 0x58, 0x07, 0x00, 0x00, 0x00, 0x00, 0x00, 0x00, 0x00, 0x00, 0x00, 0x00, 0x00, 0x00, 0x00, 0x00, 0x00, 0x00, 0x00, 0x00, 0x00, 0x00, 0x00, 0x00, 0x00, 0x00, 0x00, 0x00, 0x00, 0x01
2020-05-04 08:59:25.591 Detail, 
2020-05-04 08:59:25.591 Info, Node001, Received reply to FUNC_ID_ZW_GET_ROUTING_INFO
2020-05-04 08:59:25.591 Info, Node001,     Neighbors of this node are:
2020-05-04 08:59:25.591 Info, Node001,     Node 4
2020-05-04 08:59:25.592 Info, Node001,     Node 5
2020-05-04 08:59:25.592 Info, Node001,     Node 7
2020-05-04 08:59:25.592 Info, Node001,     Node 9
2020-05-04 08:59:25.592 Info, Node001,     Node 10
2020-05-04 08:59:25.592 Info, Node001,     Node 11
2020-05-04 08:59:25.592 Detail, Node007,   Expected reply was received
2020-05-04 08:59:25.592 Detail, Node007,   Message transaction complete
2020-05-04 08:59:25.592 Detail, 
2020-05-04 08:59:25.592 Detail, Node001, Removing current message
2020-05-04 08:59:25.592 Detail, 
2020-05-04 08:59:25.592 Info, Node004, Sending (NoOp) message (Callback ID=0x0a, Expected Reply=0x13) - NoOperation_Set (Node=4): 0x01, 0x09, 0x00, 0x13, 0x04, 0x02, 0x00, 0x00, 0x25, 0x0a, 0xcc
2020-05-04 08:59:25.599 Detail, Node004,   Received: 0x01, 0x04, 0x01, 0x13, 0x01, 0xe8
2020-05-04 08:59:25.600 Detail, Node004,   ZW_SEND_DATA delivered to Z-Wave stack
2020-05-04 08:59:25.616 Detail, Node004,   Received: 0x01, 0x07, 0x00, 0x13, 0x0a, 0x00, 0x00, 0x02, 0xe3
2020-05-04 08:59:25.616 Detail, Node004,   ZW_SEND_DATA Request with callback ID 0x0a received (expected 0x0a)
2020-05-04 08:59:25.616 Info, Node004, Request RTT 24 Average Request RTT 24
2020-05-04 08:59:25.616 Detail,   Expected callbackId was received
2020-05-04 08:59:25.616 Detail,   Expected reply was received
2020-05-04 08:59:25.616 Detail,   Message transaction complete
2020-05-04 08:59:25.616 Detail, 
2020-05-04 08:59:25.616 Detail, Node004, Removing current message
2020-05-04 08:59:25.616 Detail, Node004, Notification: Notification - NoOperation
2020-05-04 08:59:25.620 Detail, 
2020-05-04 08:59:25.620 Info, Node005, Sending (NoOp) message (Callback ID=0x0b, Expected Reply=0x13) - NoOperation_Set (Node=5): 0x01, 0x09, 0x00, 0x13, 0x05, 0x02, 0x00, 0x00, 0x25, 0x0b, 0xcc
2020-05-04 08:59:25.628 Detail, Node005,   Received: 0x01, 0x04, 0x01, 0x13, 0x01, 0xe8
2020-05-04 08:59:25.628 Detail, Node005,   ZW_SEND_DATA delivered to Z-Wave stack
2020-05-04 08:59:25.644 Detail, Node005,   Received: 0x01, 0x07, 0x00, 0x13, 0x0b, 0x00, 0x00, 0x03, 0xe3
2020-05-04 08:59:25.644 Detail, Node005,   ZW_SEND_DATA Request with callback ID 0x0b received (expected 0x0b)
2020-05-04 08:59:25.644 Info, Node005, Request RTT 23 Average Request RTT 23
2020-05-04 08:59:25.644 Detail,   Expected callbackId was received
2020-05-04 08:59:25.644 Detail,   Expected reply was received
2020-05-04 08:59:25.644 Detail,   Message transaction complete
2020-05-04 08:59:25.644 Detail, 
2020-05-04 08:59:25.644 Detail, Node005, Removing current message
2020-05-04 08:59:25.645 Detail, Node005, Notification: Notification - NoOperation
2020-05-04 08:59:25.649 Detail, 
2020-05-04 08:59:25.649 Info, Node006, Sending (NoOp) message (Callback ID=0x0c, Expected Reply=0x13) - NoOperation_Set (Node=6): 0x01, 0x09, 0x00, 0x13, 0x06, 0x02, 0x00, 0x00, 0x25, 0x0c, 0xc8
2020-05-04 08:59:25.656 Detail, Node006,   Received: 0x01, 0x04, 0x01, 0x13, 0x01, 0xe8
2020-05-04 08:59:25.657 Detail, Node006,   ZW_SEND_DATA delivered to Z-Wave stack
2020-05-04 08:59:25.698 Detail, Node006,   Received: 0x01, 0x07, 0x00, 0x13, 0x0c, 0x00, 0x00, 0x05, 0xe2
2020-05-04 08:59:25.698 Detail, Node006,   ZW_SEND_DATA Request with callback ID 0x0c received (expected 0x0c)
2020-05-04 08:59:25.698 Info, Node006, Request RTT 49 Average Request RTT 49
2020-05-04 08:59:25.698 Detail,   Expected callbackId was received
2020-05-04 08:59:25.698 Detail,   Expected reply was received
2020-05-04 08:59:25.698 Detail,   Message transaction complete
2020-05-04 08:59:25.698 Detail, 
2020-05-04 08:59:25.698 Detail, Node006, Removing current message
2020-05-04 08:59:25.698 Detail, Node006, Notification: Notification - NoOperation
2020-05-04 08:59:25.700 Detail, 
2020-05-04 08:59:25.700 Info, Node007, Sending (NoOp) message (Callback ID=0x0d, Expected Reply=0x13) - NoOperation_Set (Node=7): 0x01, 0x09, 0x00, 0x13, 0x07, 0x02, 0x00, 0x00, 0x25, 0x0d, 0xc8
2020-05-04 08:59:25.708 Detail, Node007,   Received: 0x01, 0x04, 0x01, 0x13, 0x01, 0xe8
