2021-07-06 16:56:11.670 Always, OpenZwave Version 1.4.3469 Starting Up
2021-07-06 16:56:15.861 Info, Setting Up Provided Network Key for Secure Communications
2021-07-06 16:56:15.861 Info, mgr,     Added driver for controller /dev/ttyACM0
2021-07-06 16:56:15.861 Info,   Opening controller /dev/ttyACM0
2021-07-06 16:56:15.862 Info, Trying to open serial port /dev/ttyACM0 (attempt 1)
2021-07-06 16:56:15.867 Info, Serial port /dev/ttyACM0 opened (attempt 1)
2021-07-06 16:56:15.868 Detail, contrlr, Queuing (Command) FUNC_ID_ZW_GET_VERSION: 0x01, 0x03, 0x00, 0x15, 0xe9
2021-07-06 16:56:15.868 Detail, contrlr, Queuing (Command) FUNC_ID_ZW_MEMORY_GET_ID: 0x01, 0x03, 0x00, 0x20, 0xdc
2021-07-06 16:56:15.868 Detail, contrlr, Queuing (Command) FUNC_ID_ZW_GET_CONTROLLER_CAPABILITIES: 0x01, 0x03, 0x00, 0x05, 0xf9
2021-07-06 16:56:15.868 Detail, contrlr, Queuing (Command) FUNC_ID_SERIAL_API_GET_CAPABILITIES: 0x01, 0x03, 0x00, 0x07, 0xfb
2021-07-06 16:56:15.868 Detail, contrlr, Queuing (Command) FUNC_ID_ZW_GET_SUC_NODE_ID: 0x01, 0x03, 0x00, 0x56, 0xaa
2021-07-06 16:56:15.868 Detail, 
2021-07-06 16:56:15.868 Info, contrlr, Sending (Command) message (Callback ID=0x00, Expected Reply=0x15) - FUNC_ID_ZW_GET_VERSION: 0x01, 0x03, 0x00, 0x15, 0xe9
2021-07-06 16:56:15.870 Detail, contrlr,   Received: 0x01, 0x10, 0x01, 0x15, 0x5a, 0x2d, 0x57, 0x61, 0x76, 0x65, 0x20, 0x34, 0x2e, 0x35, 0x34, 0x00, 0x01, 0x93
2021-07-06 16:56:15.870 Detail, 
2021-07-06 16:56:15.870 Info, contrlr, Received reply to FUNC_ID_ZW_GET_VERSION:
2021-07-06 16:56:15.870 Info, contrlr,     Static Controller library, version Z-Wave 4.54
2021-07-06 16:56:15.870 Detail, Node045,   Expected reply was received
2021-07-06 16:56:15.870 Detail, Node045,   Message transaction complete
2021-07-06 16:56:15.870 Detail, 
2021-07-06 16:56:15.870 Detail, contrlr, Removing current message
2021-07-06 16:56:15.870 Detail, 
2021-07-06 16:56:15.870 Info, contrlr, Sending (Command) message (Callback ID=0x00, Expected Reply=0x20) - FUNC_ID_ZW_MEMORY_GET_ID: 0x01, 0x03, 0x00, 0x20, 0xdc
2021-07-06 16:56:15.872 Detail, contrlr,   Received: 0x01, 0x08, 0x01, 0x20, 0xe4, 0xf6, 0xdb, 0xc9, 0x01, 0xd7
2021-07-06 16:56:15.872 Detail, 
2021-07-06 16:56:15.872 Info, contrlr, Received reply to FUNC_ID_ZW_MEMORY_GET_ID. Home ID = 0xe4f6dbc9.  Our node ID = 1
2021-07-06 16:56:15.872 Detail, Node246,   Expected reply was received
2021-07-06 16:56:15.872 Detail, Node246,   Message transaction complete
2021-07-06 16:56:15.872 Detail, 
2021-07-06 16:56:15.872 Detail, contrlr, Removing current message
2021-07-06 16:56:15.873 Detail, 
2021-07-06 16:56:15.873 Info, contrlr, Sending (Command) message (Callback ID=0x00, Expected Reply=0x05) - FUNC_ID_ZW_GET_CONTROLLER_CAPABILITIES: 0x01, 0x03, 0x00, 0x05, 0xf9
2021-07-06 16:56:15.874 Detail, contrlr,   Received: 0x01, 0x04, 0x01, 0x05, 0x08, 0xf7
2021-07-06 16:56:15.874 Detail, 
2021-07-06 16:56:15.874 Info, contrlr, Received reply to FUNC_ID_ZW_GET_CONTROLLER_CAPABILITIES:
2021-07-06 16:56:15.874 Info, contrlr,     There is no SUC ID Server (SIS) in this network.
2021-07-06 16:56:15.874 Info, contrlr,     The PC controller is a primary controller.
2021-07-06 16:56:15.874 Detail, Node247,   Expected reply was received
2021-07-06 16:56:15.874 Detail, Node247,   Message transaction complete
2021-07-06 16:56:15.874 Detail, 
2021-07-06 16:56:15.874 Detail, contrlr, Removing current message
2021-07-06 16:56:15.874 Detail, 
2021-07-06 16:56:15.874 Info, contrlr, Sending (Command) message (Callback ID=0x00, Expected Reply=0x07) - FUNC_ID_SERIAL_API_GET_CAPABILITIES: 0x01, 0x03, 0x00, 0x07, 0xfb
2021-07-06 16:56:15.877 Detail, contrlr,   Received: 0x01, 0x2b, 0x01, 0x07, 0x01, 0x01, 0x00, 0x86, 0x01, 0x01, 0x00, 0x5a, 0xfe, 0x81, 0xff, 0x88, 0x4f, 0x1f, 0x00, 0x00, 0xfb, 0x9f, 0x7d, 0xa0, 0x67, 0x00, 0x00, 0x80, 0x00, 0x80, 0x86, 0x00, 0x00, 0x00, 0xe8, 0x73, 0x00, 0x00, 0x0e, 0x00, 0x00, 0x60, 0x00, 0x00, 0xfb
2021-07-06 16:56:15.878 Detail, 
2021-07-06 16:56:15.878 Info, contrlr,  Received reply to FUNC_ID_SERIAL_API_GET_CAPABILITIES
2021-07-06 16:56:15.878 Info, contrlr,     Serial API Version:   1.1
2021-07-06 16:56:15.878 Info, contrlr,     Manufacturer ID:      0x0086
2021-07-06 16:56:15.878 Info, contrlr,     Product Type:         0x0101
2021-07-06 16:56:15.878 Info, contrlr,     Product ID:           0x005a
2021-07-06 16:56:15.878 Detail, contrlr, Queuing (Command) FUNC_ID_ZW_GET_RANDOM: 0x01, 0x04, 0x00, 0x1c, 0x20, 0xc7
2021-07-06 16:56:15.878 Detail, contrlr, Queuing (Command) FUNC_ID_SERIAL_API_GET_INIT_DATA: 0x01, 0x03, 0x00, 0x02, 0xfe
2021-07-06 16:56:15.878 Detail, contrlr, Queuing (Command) FUNC_ID_SERIAL_API_SET_TIMEOUTS: 0x01, 0x05, 0x00, 0x06, 0x64, 0x0f, 0x97
2021-07-06 16:56:15.878 Detail, contrlr, Queuing (Command) FUNC_ID_SERIAL_API_APPL_NODE_INFORMATION: 0x01, 0x07, 0x00, 0x03, 0x01, 0x02, 0x01, 0x00, 0xf9
2021-07-06 16:56:15.878 Detail, Node001,   Expected reply was received
2021-07-06 16:56:15.878 Detail, Node001,   Message transaction complete
2021-07-06 16:56:15.878 Detail, 
2021-07-06 16:56:15.878 Detail, contrlr, Removing current message
2021-07-06 16:56:15.878 Detail, 
2021-07-06 16:56:15.878 Info, contrlr, Sending (Command) message (Callback ID=0x00, Expected Reply=0x56) - FUNC_ID_ZW_GET_SUC_NODE_ID: 0x01, 0x03, 0x00, 0x56, 0xaa
2021-07-06 16:56:15.880 Detail, contrlr,   Received: 0x01, 0x04, 0x01, 0x56, 0x00, 0xac
2021-07-06 16:56:15.880 Detail, 
2021-07-06 16:56:15.880 Info, contrlr, Received reply to GET_SUC_NODE_ID.  Node ID = 0
2021-07-06 16:56:15.880 Info, Controller Does not Support SUC - Cannot Setup Controller as SUC Node
2021-07-06 16:56:15.880 Detail, Node172,   Expected reply was received
2021-07-06 16:56:15.880 Detail, Node172,   Message transaction complete
2021-07-06 16:56:15.880 Detail, 
2021-07-06 16:56:15.880 Detail, contrlr, Removing current message
2021-07-06 16:56:15.880 Detail, 
2021-07-06 16:56:15.880 Info, contrlr, Sending (Command) message (Callback ID=0x00, Expected Reply=0x1c) - FUNC_ID_ZW_GET_RANDOM: 0x01, 0x04, 0x00, 0x1c, 0x20, 0xc7
2021-07-06 16:56:15.935 Detail, contrlr,   Received: 0x01, 0x25, 0x01, 0x1c, 0x01, 0x20, 0x0d, 0xf5, 0x58, 0x53, 0x58, 0x0b, 0xc8, 0x2d, 0x7e, 0x5d, 0xec, 0x51, 0x02, 0x82, 0x9f, 0xb9, 0xb9, 0x73, 0xeb, 0xeb, 0x2b, 0xa3, 0xbd, 0x92, 0xa5, 0xc1, 0xa1, 0x57, 0x1e, 0x8b, 0x46, 0xf7, 0x40
2021-07-06 16:56:15.935 Detail, 
2021-07-06 16:56:15.935 Info, contrlr, Received reply to FUNC_ID_ZW_GET_RANDOM: true
2021-07-06 16:56:15.936 Detail, Node032,   Expected reply was received
2021-07-06 16:56:15.936 Detail, Node032,   Message transaction complete
2021-07-06 16:56:15.936 Detail, 
2021-07-06 16:56:15.936 Detail, contrlr, Removing current message
2021-07-06 16:56:15.936 Detail, 
2021-07-06 16:56:15.936 Info, contrlr, Sending (Command) message (Callback ID=0x00, Expected Reply=0x02) - FUNC_ID_SERIAL_API_GET_INIT_DATA: 0x01, 0x03, 0x00, 0x02, 0xfe
2021-07-06 16:56:16.040 Detail, contrlr,   Received: 0x01, 0x25, 0x01, 0x02, 0x05, 0x00, 0x1d, 0x79, 0xfd, 0x0f, 0x00, 0x00, 0x00, 0x00, 0x00, 0x00, 0x00, 0x00, 0x00, 0x00, 0x00, 0x00, 0x00, 0x00, 0x00, 0x00, 0x00, 0x00, 0x00, 0x00, 0x00, 0x00, 0x00, 0x00, 0x00, 0x00, 0x05, 0x00, 0x4f
2021-07-06 16:56:16.040 Detail, 
2021-07-06 16:56:16.040 Info, mgr,     Driver with Home ID of 0xe4f6dbc9 is now ready.
2021-07-06 16:56:16.040 Info, 
2021-07-06 16:56:16.067 Detail, Node004, Queuing (Controller) Delete All Return Routes
2021-07-06 16:56:16.067 Detail, Node004, Queuing (Controller) Assign Return Route
2021-07-06 16:56:16.067 Info, Node005, CentralScene - Created 0
2021-07-06 16:56:16.067 Detail, Node005, Queuing (Controller) Delete All Return Routes
2021-07-06 16:56:16.067 Detail, Node005, Queuing (Controller) Assign Return Route
2021-07-06 16:56:16.068 Detail, Node006, Queuing (Controller) Delete All Return Routes
2021-07-06 16:56:16.068 Detail, Node006, Queuing (Controller) Assign Return Route
2021-07-06 16:56:16.068 Detail, Node007, Queuing (Controller) Delete All Return Routes
2021-07-06 16:56:16.068 Detail, Node007, Queuing (Controller) Assign Return Route
2021-07-06 16:56:16.069 Info, Node012, CentralScene - Created 0
2021-07-06 16:56:16.070 Detail, Node012, Queuing (Controller) Delete All Return Routes
2021-07-06 16:56:16.070 Detail, Node012, Queuing (Controller) Assign Return Route
2021-07-06 16:56:16.070 Info, Node013, CentralScene - Created 0
2021-07-06 16:56:16.070 Detail, Node013, Queuing (Controller) Delete All Return Routes
2021-07-06 16:56:16.070 Detail, Node013, Queuing (Controller) Assign Return Route
2021-07-06 16:56:16.071 Detail, Node014, Queuing (Controller) Delete All Return Routes
2021-07-06 16:56:16.071 Detail, Node014, Queuing (Controller) Assign Return Route
2021-07-06 16:56:16.071 Detail, Node015, Queuing (Controller) Delete All Return Routes
2021-07-06 16:56:16.071 Detail, Node015, Queuing (Controller) Assign Return Route
2021-07-06 16:56:16.072 Info, Node017, CentralScene - Created 0
2021-07-06 16:56:16.073 Detail, Node017, Queuing (Controller) Delete All Return Routes
2021-07-06 16:56:16.073 Detail, Node017, Queuing (Controller) Assign Return Route
2021-07-06 16:56:16.073 Info, Node018, CentralScene - Created 0
2021-07-06 16:56:16.073 Detail, Node018, Queuing (Controller) Delete All Return Routes
2021-07-06 16:56:16.073 Detail, Node018, Queuing (Controller) Assign Return Route
2021-07-06 16:56:16.075 Info, Node020, Value Refresh triggered by CommandClass: COMMAND_CLASS_ALARM, Genre: 1, Instance: 1, Index: 0 for:
2021-07-06 16:56:16.075 Info, Node020,     CommandClass: COMMAND_CLASS_DOOR_LOCK, RequestFlags: 0, Instance: 1, Index: 1
2021-07-06 16:56:16.075 Detail, Node020, Queuing (Controller) Delete All Return Routes
2021-07-06 16:56:16.075 Detail, Node020, Queuing (Controller) Assign Return Route
2021-07-06 16:56:16.078 Info, contrlr, Received reply to FUNC_ID_SERIAL_API_GET_INIT_DATA:
2021-07-06 16:56:16.078 Info, contrlr,     Node 001 - Known
2021-07-06 16:56:16.078 Detail, Node001, AdvanceQueries queryPending=0 queryRetries=0 queryStage=CacheLoad live=1
2021-07-06 16:56:16.078 Detail, Node001, QueryStage_CacheLoad
2021-07-06 16:56:16.078 Info, Node001, Node Identity Codes: 0086:0101:005a
2021-07-06 16:56:16.078 Detail, Node001, QueryStage_Associations
2021-07-06 16:56:16.078 Detail, Node001, QueryStage_Neighbors
2021-07-06 16:56:16.078 Detail, contrlr, Requesting routing info (neighbor list) for Node 1
2021-07-06 16:56:16.078 Detail, Node001, Queuing (Command) Get Routing Info (Node=1): 0x01, 0x07, 0x00, 0x80, 0x01, 0x00, 0x00, 0x03, 0x7a
2021-07-06 16:56:16.078 Detail, Node001, Queuing (Query) Query Stage Complete (Neighbors)
2021-07-06 16:56:16.078 Info, contrlr,     Node 004 - Known
2021-07-06 16:56:16.078 Detail, Node004, AdvanceQueries queryPending=0 queryRetries=0 queryStage=CacheLoad live=1
2021-07-06 16:56:16.078 Detail, Node004, QueryStage_CacheLoad
2021-07-06 16:56:16.078 Info, Node004, Node Identity Codes: 0063:4952:3036
2021-07-06 16:56:16.078 Info, Node004, NoOperation::Set - Routing=true
2021-07-06 16:56:16.078 Detail, Node004, Queuing (NoOp) NoOperation_Set (Node=4): 0x01, 0x09, 0x00, 0x13, 0x04, 0x02, 0x00, 0x00, 0x25, 0x0a, 0xcc
2021-07-06 16:56:16.078 Detail, Node004, Queuing (Query) Query Stage Complete (CacheLoad)
2021-07-06 16:56:16.078 Info, contrlr,     Node 005 - Known
2021-07-06 16:56:16.078 Detail, Node005, AdvanceQueries queryPending=0 queryRetries=0 queryStage=CacheLoad live=1
2021-07-06 16:56:16.078 Detail, Node005, QueryStage_CacheLoad
2021-07-06 16:56:16.078 Info, Node005, Node Identity Codes: 0063:4952:3135
2021-07-06 16:56:16.079 Info, Node005, NoOperation::Set - Routing=true
2021-07-06 16:56:16.079 Detail, Node005, Queuing (NoOp) NoOperation_Set (Node=5): 0x01, 0x09, 0x00, 0x13, 0x05, 0x02, 0x00, 0x00, 0x25, 0x0b, 0xcc
2021-07-06 16:56:16.079 Detail, Node005, Queuing (Query) Query Stage Complete (CacheLoad)
2021-07-06 16:56:16.079 Info, contrlr,     Node 006 - Known
2021-07-06 16:56:16.079 Detail, Node006, AdvanceQueries queryPending=0 queryRetries=0 queryStage=CacheLoad live=1
2021-07-06 16:56:16.079 Detail, Node006, QueryStage_CacheLoad
2021-07-06 16:56:16.079 Info, Node006, Node Identity Codes: 0063:4952:3036
2021-07-06 16:56:16.079 Info, Node006, NoOperation::Set - Routing=true
2021-07-06 16:56:16.079 Detail, Node006, Queuing (NoOp) NoOperation_Set (Node=6): 0x01, 0x09, 0x00, 0x13, 0x06, 0x02, 0x00, 0x00, 0x25, 0x0c, 0xc8
2021-07-06 16:56:16.079 Detail, Node006, Queuing (Query) Query Stage Complete (CacheLoad)
2021-07-06 16:56:16.079 Info, contrlr,     Node 007 - Known
2021-07-06 16:56:16.079 Detail, Node007, AdvanceQueries queryPending=0 queryRetries=0 queryStage=CacheLoad live=1
2021-07-06 16:56:16.079 Detail, Node007, QueryStage_CacheLoad
2021-07-06 16:56:16.079 Info, Node007, Node Identity Codes: 0063:4952:3133
2021-07-06 16:56:16.079 Info, Node007, NoOperation::Set - Routing=true
2021-07-06 16:56:16.079 Detail, Node007, Queuing (NoOp) NoOperation_Set (Node=7): 0x01, 0x09, 0x00, 0x13, 0x07, 0x02, 0x00, 0x00, 0x25, 0x0d, 0xc8
2021-07-06 16:56:16.079 Detail, Node007, Queuing (Query) Query Stage Complete (CacheLoad)
2021-07-06 16:56:16.079 Info, contrlr,     Node 009 - Known
2021-07-06 16:56:16.079 Detail, Node009, AdvanceQueries queryPending=0 queryRetries=0 queryStage=CacheLoad live=1
2021-07-06 16:56:16.079 Detail, Node009, QueryStage_CacheLoad
2021-07-06 16:56:16.079 Info, Node009, Node Identity Codes: 001d:3401:0001
2021-07-06 16:56:16.079 Info, Node009, NoOperation::Set - Routing=true
2021-07-06 16:56:16.079 Detail, Node009, Queuing (NoOp) NoOperation_Set (Node=9): 0x01, 0x09, 0x00, 0x13, 0x09, 0x02, 0x00, 0x00, 0x25, 0x0e, 0xc5
2021-07-06 16:56:16.079 Detail, Node009, Queuing (Query) Query Stage Complete (CacheLoad)
2021-07-06 16:56:16.079 Info, contrlr,     Node 011 - Known
2021-07-06 16:56:16.079 Detail, Node011, AdvanceQueries queryPending=0 queryRetries=0 queryStage=CacheLoad live=1
2021-07-06 16:56:16.079 Detail, Node011, QueryStage_CacheLoad
2021-07-06 16:56:16.079 Info, Node011, Node Identity Codes: 0086:0102:0064
2021-07-06 16:56:16.079 Info, Node011, NoOperation::Set - Routing=true
2021-07-06 16:56:16.079 Detail, Node011, Queuing (NoOp) NoOperation_Set (Node=11): 0x01, 0x09, 0x00, 0x13, 0x0b, 0x02, 0x00, 0x00, 0x25, 0x0f, 0xc6
2021-07-06 16:56:16.079 Detail, Node011, Queuing (Query) Query Stage Complete (CacheLoad)
2021-07-06 16:56:16.079 Info, contrlr,     Node 012 - Known
2021-07-06 16:56:16.079 Detail, Node012, AdvanceQueries queryPending=0 queryRetries=0 queryStage=CacheLoad live=1
2021-07-06 16:56:16.080 Detail, Node012, QueryStage_CacheLoad
2021-07-06 16:56:16.080 Info, Node012, Node Identity Codes: 0063:4952:3135
2021-07-06 16:56:16.080 Info, Node012, NoOperation::Set - Routing=true
2021-07-06 16:56:16.080 Detail, Node012, Queuing (NoOp) NoOperation_Set (Node=12): 0x01, 0x09, 0x00, 0x13, 0x0c, 0x02, 0x00, 0x00, 0x25, 0x10, 0xde
2021-07-06 16:56:16.080 Detail, Node012, Queuing (Query) Query Stage Complete (CacheLoad)
2021-07-06 16:56:16.080 Info, contrlr,     Node 013 - Known
2021-07-06 16:56:16.080 Detail, Node013, AdvanceQueries queryPending=0 queryRetries=0 queryStage=CacheLoad live=1
2021-07-06 16:56:16.080 Detail, Node013, QueryStage_CacheLoad
2021-07-06 16:56:16.080 Info, Node013, Node Identity Codes: 0063:4944:3235
2021-07-06 16:56:16.080 Info, Node013, NoOperation::Set - Routing=true
2021-07-06 16:56:16.080 Detail, Node013, Queuing (NoOp) NoOperation_Set (Node=13): 0x01, 0x09, 0x00, 0x13, 0x0d, 0x02, 0x00, 0x00, 0x25, 0x11, 0xde
2021-07-06 16:56:16.080 Detail, Node013, Queuing (Query) Query Stage Complete (CacheLoad)
2021-07-06 16:56:16.080 Info, contrlr,     Node 014 - Known
2021-07-06 16:56:16.080 Detail, Node014, AdvanceQueries queryPending=0 queryRetries=0 queryStage=CacheLoad live=1
2021-07-06 16:56:16.080 Detail, Node014, QueryStage_CacheLoad
2021-07-06 16:56:16.080 Info, Node014, Node Identity Codes: 0063:4952:3133
2021-07-06 16:56:16.080 Info, Node014, NoOperation::Set - Routing=true
2021-07-06 16:56:16.080 Detail, Node014, Queuing (NoOp) NoOperation_Set (Node=14): 0x01, 0x09, 0x00, 0x13, 0x0e, 0x02, 0x00, 0x00, 0x25, 0x12, 0xde
2021-07-06 16:56:16.080 Detail, Node014, Queuing (Query) Query Stage Complete (CacheLoad)
2021-07-06 16:56:16.080 Info, contrlr,     Node 015 - Known
2021-07-06 16:56:16.080 Detail, Node015, AdvanceQueries queryPending=0 queryRetries=0 queryStage=CacheLoad live=1
2021-07-06 16:56:16.080 Detail, Node015, QueryStage_CacheLoad
2021-07-06 16:56:16.080 Info, Node015, Node Identity Codes: 0063:4952:3133
2021-07-06 16:56:16.080 Info, Node015, NoOperation::Set - Routing=true
2021-07-06 16:56:16.080 Detail, Node015, Queuing (NoOp) NoOperation_Set (Node=15): 0x01, 0x09, 0x00, 0x13, 0x0f, 0x02, 0x00, 0x00, 0x25, 0x13, 0xde
2021-07-06 16:56:16.080 Detail, Node015, Queuing (Query) Query Stage Complete (CacheLoad)
2021-07-06 16:56:16.080 Info, contrlr,     Node 016 - Known
2021-07-06 16:56:16.080 Detail, Node016, AdvanceQueries queryPending=0 queryRetries=0 queryStage=CacheLoad live=1
2021-07-06 16:56:16.080 Detail, Node016, QueryStage_CacheLoad
2021-07-06 16:56:16.080 Info, Node016, Node Identity Codes: 0086:0102:0064
2021-07-06 16:56:16.080 Info, Node016, NoOperation::Set - Routing=true
2021-07-06 16:56:16.080 Detail, Node016, Queuing (NoOp) NoOperation_Set (Node=16): 0x01, 0x09, 0x00, 0x13, 0x10, 0x02, 0x00, 0x00, 0x25, 0x14, 0xc6
2021-07-06 16:56:16.080 Detail, Node016, Queuing (Query) Query Stage Complete (CacheLoad)
2021-07-06 16:56:16.080 Info, contrlr,     Node 017 - Known
2021-07-06 16:56:16.080 Detail, Node017, AdvanceQueries queryPending=0 queryRetries=0 queryStage=CacheLoad live=1
2021-07-06 16:56:16.080 Detail, Node017, QueryStage_CacheLoad
2021-07-06 16:56:16.080 Info, Node017, Node Identity Codes: 0063:4952:3135
2021-07-06 16:56:16.080 Info, Node017, NoOperation::Set - Routing=true
2021-07-06 16:56:16.080 Detail, Node017, Queuing (NoOp) NoOperation_Set (Node=17): 0x01, 0x09, 0x00, 0x13, 0x11, 0x02, 0x00, 0x00, 0x25, 0x15, 0xc6
2021-07-06 16:56:16.080 Detail, Node017, Queuing (Query) Query Stage Complete (CacheLoad)
2021-07-06 16:56:16.081 Info, contrlr,     Node 018 - Known
2021-07-06 16:56:16.081 Detail, Node018, AdvanceQueries queryPending=0 queryRetries=0 queryStage=CacheLoad live=1
2021-07-06 16:56:16.081 Detail, Node018, QueryStage_CacheLoad
2021-07-06 16:56:16.081 Info, Node018, Node Identity Codes: 0063:4952:3135
2021-07-06 16:56:16.081 Info, Node018, NoOperation::Set - Routing=true
2021-07-06 16:56:16.081 Detail, Node018, Queuing (NoOp) NoOperation_Set (Node=18): 0x01, 0x09, 0x00, 0x13, 0x12, 0x02, 0x00, 0x00, 0x25, 0x16, 0xc6
2021-07-06 16:56:16.081 Detail, Node018, Queuing (Query) Query Stage Complete (CacheLoad)
2021-07-06 16:56:16.081 Info, contrlr,     Node 019 - Known
2021-07-06 16:56:16.081 Detail, Node019, AdvanceQueries queryPending=0 queryRetries=0 queryStage=CacheLoad live=1
2021-07-06 16:56:16.081 Detail, Node019, QueryStage_CacheLoad
2021-07-06 16:56:16.081 Info, Node019, Node Identity Codes: 001d:3401:0001
2021-07-06 16:56:16.081 Info, Node019, NoOperation::Set - Routing=true
2021-07-06 16:56:16.081 Detail, Node019, Queuing (NoOp) NoOperation_Set (Node=19): 0x01, 0x09, 0x00, 0x13, 0x13, 0x02, 0x00, 0x00, 0x25, 0x17, 0xc6
2021-07-06 16:56:16.081 Detail, Node019, Queuing (Query) Query Stage Complete (CacheLoad)
2021-07-06 16:56:16.081 Info, contrlr,     Node 020 - Known
2021-07-06 16:56:16.081 Detail, Node020, AdvanceQueries queryPending=0 queryRetries=0 queryStage=CacheLoad live=1
2021-07-06 16:56:16.081 Detail, Node020, QueryStage_CacheLoad
2021-07-06 16:56:16.081 Info, Node020, Node Identity Codes: 0090:0003:0440
2021-07-06 16:56:16.081 Info, Node020, NoOperation::Set - Routing=true
2021-07-06 16:56:16.081 Detail, Node020, Queuing (NoOp) NoOperation_Set (Node=20): 0x01, 0x09, 0x00, 0x13, 0x14, 0x02, 0x00, 0x00, 0x25, 0x18, 0xce
2021-07-06 16:56:16.081 Detail, Node020, Queuing (Query) Query Stage Complete (CacheLoad)
2021-07-06 16:56:16.081 Detail,   Expected reply was received
2021-07-06 16:56:16.081 Detail,   Message transaction complete
2021-07-06 16:56:16.081 Detail, 
2021-07-06 16:56:16.081 Detail, contrlr, Removing current message
2021-07-06 16:56:16.081 Detail, Node001, Notification: DriverReady
2021-07-06 16:56:16.084 Detail, Node001, Notification: NodeAdded
2021-07-06 16:56:16.091 Detail, Node001, Notification: NodeProtocolInfo
2021-07-06 16:56:16.103 Detail, Node001, Notification: EssentialNodeQueriesComplete
2021-07-06 16:56:16.108 Detail, Node001, Notification: ValueAdded
2021-07-06 16:56:16.120 Detail, Node001, Notification: NodeNaming
2021-07-06 16:56:16.129 Detail, Node004, Notification: NodeAdded
2021-07-06 16:56:16.137 Detail, Node004, Notification: NodeProtocolInfo
2021-07-06 16:56:16.138 Detail, Node004, Notification: EssentialNodeQueriesComplete
2021-07-06 16:56:16.144 Detail, Node004, Notification: ValueAdded
2021-07-06 16:56:16.146 Detail, Node004, Notification: ValueAdded
2021-07-06 16:56:16.148 Detail, Node004, Notification: ValueAdded
2021-07-06 16:56:16.154 Detail, Node004, Notification: ValueAdded
2021-07-06 16:56:16.155 Detail, Node004, Notification: ValueAdded
2021-07-06 16:56:16.156 Detail, Node004, Notification: ValueAdded
2021-07-06 16:56:16.157 Detail, Node004, Notification: ValueAdded
2021-07-06 16:56:16.163 Detail, Node004, Notification: ValueAdded
2021-07-06 16:56:16.163 Detail, Node004, Notification: ValueAdded
2021-07-06 16:56:16.164 Detail, Node004, Notification: ValueAdded
2021-07-06 16:56:16.165 Detail, Node004, Notification: ValueAdded
2021-07-06 16:56:16.165 Detail, Node004, Notification: ValueAdded
2021-07-06 16:56:16.177 Detail, Node004, Notification: ValueAdded
2021-07-06 16:56:16.178 Detail, Node004, Notification: ValueAdded
2021-07-06 16:56:16.178 Detail, Node004, Notification: ValueAdded
2021-07-06 16:56:16.184 Detail, Node004, Notification: ValueAdded
2021-07-06 16:56:16.185 Detail, Node004, Notification: ValueAdded
2021-07-06 16:56:16.185 Detail, Node004, Notification: Group
2021-07-06 16:56:16.185 Detail, Node004, Notification: Group
2021-07-06 16:56:16.186 Detail, Node004, Notification: Group
2021-07-06 16:56:16.186 Detail, Node004, Notification: ValueAdded
2021-07-06 16:56:16.186 Detail, Node004, Notification: ValueAdded
2021-07-06 16:56:16.187 Detail, Node004, Notification: ValueAdded
2021-07-06 16:56:16.188 Detail, Node004, Notification: NodeNaming
2021-07-06 16:56:16.188 Detail, Node005, Notification: NodeAdded
2021-07-06 16:56:16.196 Detail, Node005, Notification: NodeProtocolInfo
2021-07-06 16:56:16.197 Detail, Node005, Notification: EssentialNodeQueriesComplete
2021-07-06 16:56:16.197 Detail, Node005, Notification: ValueAdded
2021-07-06 16:56:16.210 Detail, Node005, Notification: ValueAdded
2021-07-06 16:56:16.227 Detail, Node005, Notification: ValueAdded
2021-07-06 16:56:16.239 Detail, Node005, Notification: ValueAdded
2021-07-06 16:56:16.250 Detail, Node005, Notification: ValueAdded
2021-07-06 16:56:16.258 Detail, Node005, Notification: ValueAdded
2021-07-06 16:56:16.264 Detail, Node005, Notification: ValueAdded
2021-07-06 16:56:16.271 Detail, Node005, Notification: ValueAdded
2021-07-06 16:56:16.271 Detail, Node005, Notification: ValueAdded
2021-07-06 16:56:16.286 Detail, Node005, Notification: ValueAdded
2021-07-06 16:56:16.292 Detail, Node005, Notification: ValueAdded
2021-07-06 16:56:16.296 Detail, Node005, Notification: ValueAdded
2021-07-06 16:56:16.299 Detail, Node005, Notification: ValueAdded
2021-07-06 16:56:16.300 Detail, Node005, Notification: ValueAdded
2021-07-06 16:56:16.301 Detail, Node005, Notification: ValueAdded
2021-07-06 16:56:16.302 Detail, Node005, Notification: ValueAdded
2021-07-06 16:56:16.304 Detail, Node005, Notification: Group
2021-07-06 16:56:16.307 Detail, Node005, Notification: Group
2021-07-06 16:56:16.307 Detail, Node005, Notification: Group
2021-07-06 16:56:16.307 Detail, Node005, Notification: ValueAdded
2021-07-06 16:56:16.309 Detail, Node005, Notification: ValueAdded
2021-07-06 16:56:16.310 Detail, Node005, Notification: ValueAdded
2021-07-06 16:56:16.311 Detail, Node005, Notification: NodeNaming
2021-07-06 16:56:16.313 Detail, Node006, Notification: NodeAdded
2021-07-06 16:56:16.316 Detail, Node006, Notification: NodeProtocolInfo
2021-07-06 16:56:16.318 Detail, Node006, Notification: EssentialNodeQueriesComplete
2021-07-06 16:56:16.319 Detail, Node006, Notification: ValueAdded
2021-07-06 16:56:16.323 Detail, Node006, Notification: ValueAdded
2021-07-06 16:56:16.324 Detail, Node006, Notification: ValueAdded
2021-07-06 16:56:16.326 Detail, Node006, Notification: ValueAdded
2021-07-06 16:56:16.328 Detail, Node006, Notification: ValueAdded
2021-07-06 16:56:16.330 Detail, Node006, Notification: ValueAdded
2021-07-06 16:56:16.331 Detail, Node006, Notification: ValueAdded
2021-07-06 16:56:16.333 Detail, Node006, Notification: ValueAdded
2021-07-06 16:56:16.334 Detail, Node006, Notification: ValueAdded
2021-07-06 16:56:16.335 Detail, Node006, Notification: ValueAdded
2021-07-06 16:56:16.340 Detail, Node006, Notification: ValueAdded
2021-07-06 16:56:16.342 Detail, Node006, Notification: ValueAdded
2021-07-06 16:56:16.342 Detail, Node006, Notification: ValueAdded
2021-07-06 16:56:16.344 Detail, Node006, Notification: ValueAdded
2021-07-06 16:56:16.345 Detail, Node006, Notification: ValueAdded
2021-07-06 16:56:16.346 Detail, Node006, Notification: ValueAdded
2021-07-06 16:56:16.350 Detail, Node006, Notification: ValueAdded
2021-07-06 16:56:16.352 Detail, Node006, Notification: Group
2021-07-06 16:56:16.353 Detail, Node006, Notification: Group
2021-07-06 16:56:16.354 Detail, Node006, Notification: Group
2021-07-06 16:56:16.355 Detail, Node006, Notification: ValueAdded
2021-07-06 16:56:16.357 Detail, Node006, Notification: ValueAdded
2021-07-06 16:56:16.359 Detail, Node006, Notification: ValueAdded
2021-07-06 16:56:16.360 Detail, Node006, Notification: NodeNaming
2021-07-06 16:56:16.363 Detail, Node007, Notification: NodeAdded
2021-07-06 16:56:16.370 Detail, Node007, Notification: NodeProtocolInfo
2021-07-06 16:56:16.372 Detail, Node007, Notification: EssentialNodeQueriesComplete
2021-07-06 16:56:16.373 Detail, Node007, Notification: ValueAdded
2021-07-06 16:56:16.376 Detail, Node007, Notification: ValueAdded
2021-07-06 16:56:16.378 Detail, Node007, Notification: ValueAdded
2021-07-06 16:56:16.382 Detail, Node007, Notification: ValueAdded
2021-07-06 16:56:16.384 Detail, Node007, Notification: ValueAdded
2021-07-06 16:56:16.384 Detail, Node007, Notification: ValueAdded
2021-07-06 16:56:16.386 Detail, Node007, Notification: ValueAdded
2021-07-06 16:56:16.387 Detail, Node007, Notification: ValueAdded
2021-07-06 16:56:16.390 Detail, Node007, Notification: ValueAdded
2021-07-06 16:56:16.391 Detail, Node007, Notification: ValueAdded
2021-07-06 16:56:16.393 Detail, Node007, Notification: ValueAdded
2021-07-06 16:56:16.395 Detail, Node007, Notification: ValueAdded
2021-07-06 16:56:16.400 Detail, Node007, Notification: ValueAdded
2021-07-06 16:56:16.401 Detail, Node007, Notification: ValueAdded
2021-07-06 16:56:16.402 Detail, Node007, Notification: ValueAdded
2021-07-06 16:56:16.404 Detail, Node007, Notification: ValueAdded
2021-07-06 16:56:16.405 Detail, Node007, Notification: Group
2021-07-06 16:56:16.405 Detail, Node007, Notification: Group
2021-07-06 16:56:16.406 Detail, Node007, Notification: Group
2021-07-06 16:56:16.407 Detail, Node007, Notification: ValueAdded
2021-07-06 16:56:16.408 Detail, Node007, Notification: ValueAdded
2021-07-06 16:56:16.409 Detail, Node007, Notification: ValueAdded
2021-07-06 16:56:16.411 Detail, Node007, Notification: NodeNaming
2021-07-06 16:56:16.413 Detail, Node009, Notification: NodeAdded
2021-07-06 16:56:16.419 Detail, Node009, Notification: NodeProtocolInfo
2021-07-06 16:56:16.421 Detail, Node009, Notification: EssentialNodeQueriesComplete
2021-07-06 16:56:16.421 Detail, Node009, Notification: ValueAdded
2021-07-06 16:56:16.425 Detail, Node009, Notification: ValueAdded
2021-07-06 16:56:16.428 Detail, Node009, Notification: ValueAdded
2021-07-06 16:56:16.430 Detail, Node009, Notification: ValueAdded
2021-07-06 16:56:16.432 Detail, Node009, Notification: ValueAdded
2021-07-06 16:56:16.433 Detail, Node009, Notification: ValueAdded
2021-07-06 16:56:16.437 Detail, Node009, Notification: ValueAdded
2021-07-06 16:56:16.438 Detail, Node009, Notification: ValueAdded
2021-07-06 16:56:16.439 Detail, Node009, Notification: ValueAdded
2021-07-06 16:56:16.441 Detail, Node009, Notification: ValueAdded
2021-07-06 16:56:16.443 Detail, Node009, Notification: ValueAdded
2021-07-06 16:56:16.445 Detail, Node009, Notification: ValueAdded
2021-07-06 16:56:16.448 Detail, Node009, Notification: ValueAdded
2021-07-06 16:56:16.450 Detail, Node009, Notification: ValueAdded
2021-07-06 16:56:16.451 Detail, Node009, Notification: ValueAdded
2021-07-06 16:56:16.453 Detail, Node009, Notification: ValueAdded
2021-07-06 16:56:16.454 Detail, Node009, Notification: Group
2021-07-06 16:56:16.455 Detail, Node009, Notification: ValueAdded
2021-07-06 16:56:16.457 Detail, Node009, Notification: ValueAdded
2021-07-06 16:56:16.458 Detail, Node009, Notification: ValueAdded
2021-07-06 16:56:16.458 Detail, Node009, Notification: NodeNaming
2021-07-06 16:56:16.460 Detail, Node011, Notification: NodeAdded
2021-07-06 16:56:16.463 Detail, Node011, Notification: NodeProtocolInfo
2021-07-06 16:56:16.464 Detail, Node011, Notification: EssentialNodeQueriesComplete
2021-07-06 16:56:16.465 Detail, Node011, Notification: ValueAdded
2021-07-06 16:56:16.468 Detail, Node011, Notification: ValueAdded
2021-07-06 16:56:16.472 Detail, Node011, Notification: ValueAdded
2021-07-06 16:56:16.478 Detail, Node011, Notification: ValueAdded
2021-07-06 16:56:16.483 Detail, Node011, Notification: ValueAdded
2021-07-06 16:56:16.488 Detail, Node011, Notification: ValueAdded
2021-07-06 16:56:16.490 Detail, Node011, Notification: ValueAdded
2021-07-06 16:56:16.498 Detail, Node011, Notification: ValueAdded
2021-07-06 16:56:16.500 Detail, Node011, Notification: ValueAdded
2021-07-06 16:56:16.502 Detail, Node011, Notification: ValueAdded
2021-07-06 16:56:16.503 Detail, Node011, Notification: ValueAdded
2021-07-06 16:56:16.504 Detail, Node011, Notification: ValueAdded
2021-07-06 16:56:16.505 Detail, Node011, Notification: ValueAdded
2021-07-06 16:56:16.507 Detail, Node011, Notification: ValueAdded
2021-07-06 16:56:16.509 Detail, Node011, Notification: ValueAdded
2021-07-06 16:56:16.510 Detail, Node011, Notification: ValueAdded
2021-07-06 16:56:16.512 Detail, Node011, Notification: ValueAdded
2021-07-06 16:56:16.517 Detail, Node011, Notification: ValueAdded
2021-07-06 16:56:16.518 Detail, Node011, Notification: ValueAdded
2021-07-06 16:56:16.520 Detail, Node011, Notification: ValueAdded
2021-07-06 16:56:16.522 Detail, Node011, Notification: ValueAdded
2021-07-06 16:56:16.524 Detail, Node011, Notification: ValueAdded
2021-07-06 16:56:16.526 Detail, Node011, Notification: ValueAdded
2021-07-06 16:56:16.528 Detail, Node011, Notification: ValueAdded
2021-07-06 16:56:16.531 Detail, Node011, Notification: ValueAdded
2021-07-06 16:56:16.533 Detail, Node011, Notification: ValueAdded
2021-07-06 16:56:16.534 Detail, Node011, Notification: ValueAdded
2021-07-06 16:56:16.536 Detail, Node011, Notification: ValueAdded
2021-07-06 16:56:16.537 Detail, Node011, Notification: ValueAdded
2021-07-06 16:56:16.539 Detail, Node011, Notification: ValueAdded
2021-07-06 16:56:16.544 Detail, Node011, Notification: ValueAdded
2021-07-06 16:56:16.546 Detail, Node011, Notification: ValueAdded
2021-07-06 16:56:16.548 Detail, Node011, Notification: ValueAdded
2021-07-06 16:56:16.550 Detail, Node011, Notification: ValueAdded
2021-07-06 16:56:16.551 Detail, Node011, Notification: ValueAdded
2021-07-06 16:56:16.553 Detail, Node011, Notification: ValueAdded
2021-07-06 16:56:16.554 Detail, Node011, Notification: ValueAdded
2021-07-06 16:56:16.556 Detail, Node011, Notification: ValueAdded
2021-07-06 16:56:16.558 Detail, Node011, Notification: ValueAdded
2021-07-06 16:56:16.560 Detail, Node011, Notification: ValueAdded
2021-07-06 16:56:16.564 Detail, Node011, Notification: ValueAdded
2021-07-06 16:56:16.565 Detail, Node011, Notification: ValueAdded
2021-07-06 16:56:16.567 Detail, Node011, Notification: ValueAdded
2021-07-06 16:56:16.570 Detail, Node011, Notification: ValueAdded
2021-07-06 16:56:16.571 Detail, Node011, Notification: ValueAdded
2021-07-06 16:56:16.572 Detail, Node011, Notification: ValueAdded
2021-07-06 16:56:16.572 Detail, Node011, Notification: ValueAdded
2021-07-06 16:56:16.574 Detail, Node011, Notification: ValueAdded
2021-07-06 16:56:16.575 Detail, Node011, Notification: ValueAdded
2021-07-06 16:56:16.577 Detail, Node011, Notification: ValueAdded
2021-07-06 16:56:16.580 Detail, Node011, Notification: ValueAdded
2021-07-06 16:56:16.581 Detail, Node011, Notification: ValueAdded
2021-07-06 16:56:16.582 Detail, Node011, Notification: ValueAdded
2021-07-06 16:56:16.589 Detail, Node011, Notification: ValueAdded
2021-07-06 16:56:16.595 Detail, Node011, Notification: ValueAdded
2021-07-06 16:56:16.600 Detail, Node011, Notification: ValueAdded
2021-07-06 16:56:16.606 Detail, Node011, Notification: ValueAdded
2021-07-06 16:56:16.608 Detail, Node011, Notification: ValueAdded
2021-07-06 16:56:16.610 Detail, Node011, Notification: ValueAdded
2021-07-06 16:56:16.612 Detail, Node011, Notification: ValueAdded
2021-07-06 16:56:16.614 Detail, Node011, Notification: ValueAdded
2021-07-06 16:56:16.615 Detail, Node011, Notification: ValueAdded
2021-07-06 16:56:16.616 Detail, Node011, Notification: ValueAdded
2021-07-06 16:56:16.618 Detail, Node011, Notification: ValueAdded
2021-07-06 16:56:16.619 Detail, Node011, Notification: ValueAdded
2021-07-06 16:56:16.621 Detail, Node011, Notification: ValueAdded
2021-07-06 16:56:16.625 Detail, Node011, Notification: ValueAdded
2021-07-06 16:56:16.633 Detail, Node011, Notification: ValueAdded
2021-07-06 16:56:16.635 Detail, Node011, Notification: ValueAdded
2021-07-06 16:56:16.637 Detail, Node011, Notification: ValueAdded
2021-07-06 16:56:16.644 Detail, Node011, Notification: ValueAdded
2021-07-06 16:56:16.656 Detail, Node011, Notification: ValueAdded
2021-07-06 16:56:16.658 Detail, Node011, Notification: Group
2021-07-06 16:56:16.660 Detail, Node011, Notification: ValueAdded
2021-07-06 16:56:16.662 Detail, Node011, Notification: ValueAdded
2021-07-06 16:56:16.664 Detail, Node011, Notification: ValueAdded
2021-07-06 16:56:16.665 Detail, Node011, Notification: NodeNaming
2021-07-06 16:56:16.668 Detail, Node012, Notification: NodeAdded
2021-07-06 16:56:16.670 Detail, Node012, Notification: NodeProtocolInfo
2021-07-06 16:56:16.672 Detail, Node012, Notification: EssentialNodeQueriesComplete
2021-07-06 16:56:16.673 Detail, Node012, Notification: ValueAdded
2021-07-06 16:56:16.678 Detail, Node012, Notification: ValueAdded
2021-07-06 16:56:16.680 Detail, Node012, Notification: ValueAdded
2021-07-06 16:56:16.682 Detail, Node012, Notification: ValueAdded
2021-07-06 16:56:16.694 Detail, Node012, Notification: ValueAdded
2021-07-06 16:56:16.701 Detail, Node012, Notification: ValueAdded
2021-07-06 16:56:16.713 Detail, Node012, Notification: ValueAdded
2021-07-06 16:56:16.715 Detail, Node012, Notification: ValueAdded
2021-07-06 16:56:16.717 Detail, Node012, Notification: ValueAdded
2021-07-06 16:56:16.718 Detail, Node012, Notification: ValueAdded
2021-07-06 16:56:16.719 Detail, Node012, Notification: ValueAdded
2021-07-06 16:56:16.721 Detail, Node012, Notification: ValueAdded
2021-07-06 16:56:16.725 Detail, Node012, Notification: ValueAdded
2021-07-06 16:56:16.727 Detail, Node012, Notification: ValueAdded
2021-07-06 16:56:16.729 Detail, Node012, Notification: ValueAdded
2021-07-06 16:56:16.731 Detail, Node012, Notification: ValueAdded
2021-07-06 16:56:16.732 Detail, Node012, Notification: ValueAdded
2021-07-06 16:56:16.733 Detail, Node012, Notification: ValueAdded
2021-07-06 16:56:16.735 Detail, Node012, Notification: Group
2021-07-06 16:56:16.735 Detail, Node012, Notification: Group
2021-07-06 16:56:16.736 Detail, Node012, Notification: Group
2021-07-06 16:56:16.736 Detail, Node012, Notification: ValueAdded
2021-07-06 16:56:16.738 Detail, Node012, Notification: ValueAdded
2021-07-06 16:56:16.739 Detail, Node012, Notification: ValueAdded
2021-07-06 16:56:16.743 Detail, Node012, Notification: NodeNaming
2021-07-06 16:56:16.745 Detail, Node013, Notification: NodeAdded
2021-07-06 16:56:16.748 Detail, Node013, Notification: NodeProtocolInfo
2021-07-06 16:56:16.750 Detail, Node013, Notification: EssentialNodeQueriesComplete
2021-07-06 16:56:16.751 Detail, Node013, Notification: ValueAdded
2021-07-06 16:56:16.758 Detail, Node013, Notification: ValueAdded
2021-07-06 16:56:16.760 Detail, Node013, Notification: ValueAdded
2021-07-06 16:56:16.762 Detail, Node013, Notification: ValueAdded
2021-07-06 16:56:16.763 Detail, Node013, Notification: ValueAdded
2021-07-06 16:56:16.765 Detail, Node013, Notification: ValueAdded
2021-07-06 16:56:16.767 Detail, Node013, Notification: ValueAdded
2021-07-06 16:56:16.768 Detail, Node013, Notification: ValueAdded
2021-07-06 16:56:16.772 Detail, Node013, Notification: ValueAdded
2021-07-06 16:56:16.774 Detail, Node013, Notification: ValueAdded
2021-07-06 16:56:16.775 Detail, Node013, Notification: ValueAdded
2021-07-06 16:56:16.776 Detail, Node013, Notification: ValueAdded
2021-07-06 16:56:16.783 Detail, Node013, Notification: ValueAdded
2021-07-06 16:56:16.784 Detail, Node013, Notification: ValueAdded
2021-07-06 16:56:16.789 Detail, Node013, Notification: ValueAdded
2021-07-06 16:56:16.796 Detail, Node013, Notification: ValueAdded
2021-07-06 16:56:16.804 Detail, Node013, Notification: ValueAdded
2021-07-06 16:56:16.806 Detail, Node013, Notification: ValueAdded
2021-07-06 16:56:16.810 Detail, Node013, Notification: ValueAdded
2021-07-06 16:56:16.812 Detail, Node013, Notification: ValueAdded
2021-07-06 16:56:16.814 Detail, Node013, Notification: Group
2021-07-06 16:56:16.814 Detail, Node013, Notification: Group
2021-07-06 16:56:16.815 Detail, Node013, Notification: Group
2021-07-06 16:56:16.816 Detail, Node013, Notification: ValueAdded
2021-07-06 16:56:16.818 Detail, Node013, Notification: ValueAdded
2021-07-06 16:56:16.820 Detail, Node013, Notification: ValueAdded
2021-07-06 16:56:16.822 Detail, Node013, Notification: NodeNaming
2021-07-06 16:56:16.825 Detail, Node014, Notification: NodeAdded
2021-07-06 16:56:16.828 Detail, Node014, Notification: NodeProtocolInfo
2021-07-06 16:56:16.829 Detail, Node014, Notification: EssentialNodeQueriesComplete
2021-07-06 16:56:16.830 Detail, Node014, Notification: ValueAdded
2021-07-06 16:56:16.834 Detail, Node014, Notification: ValueAdded
2021-07-06 16:56:16.836 Detail, Node014, Notification: ValueAdded
2021-07-06 16:56:16.838 Detail, Node014, Notification: ValueAdded
2021-07-06 16:56:16.839 Detail, Node014, Notification: ValueAdded
2021-07-06 16:56:16.840 Detail, Node014, Notification: ValueAdded
2021-07-06 16:56:16.841 Detail, Node014, Notification: ValueAdded
2021-07-06 16:56:16.843 Detail, Node014, Notification: ValueAdded
2021-07-06 16:56:16.844 Detail, Node014, Notification: ValueAdded
2021-07-06 16:56:16.845 Detail, Node014, Notification: ValueAdded
2021-07-06 16:56:16.848 Detail, Node014, Notification: ValueAdded
2021-07-06 16:56:16.849 Detail, Node014, Notification: ValueAdded
2021-07-06 16:56:16.850 Detail, Node014, Notification: ValueAdded
2021-07-06 16:56:16.852 Detail, Node014, Notification: ValueAdded
2021-07-06 16:56:16.858 Detail, Node014, Notification: ValueAdded
2021-07-06 16:56:16.859 Detail, Node014, Notification: ValueAdded
2021-07-06 16:56:16.867 Detail, Node014, Notification: Group
2021-07-06 16:56:16.869 Detail, Node014, Notification: Group
2021-07-06 16:56:16.869 Detail, Node014, Notification: Group
2021-07-06 16:56:16.875 Detail, Node014, Notification: ValueAdded
2021-07-06 16:56:16.882 Detail, Node014, Notification: ValueAdded
2021-07-06 16:56:16.889 Detail, Node014, Notification: ValueAdded
